short_SMA,long_SMA,trades,sharpe_ratio
10,15,237,0.193922
10,20,188,0.096053
10,25,166,-0.223425
10,30,155,-0.209162
10,35,139,0.005940
10,40,131,0.187001
10,45,110,0.202501
10,50,101,0.298552
10,55,99,0.051838
10,60,93,0.254267
10,65,93,0.400809
10,70,87,0.274818
10,75,73,0.429885
10,80,76,0.255512
10,85,72,-0.204342
10,90,70,-0.221412
10,95,63,0.016416
10,100,63,-0.100928
10,105,70,-0.149926
10,110,68,-0.225284
10,115,67,-0.220748
10,120,67,-0.291176
10,125,71,-0.172319
10,130,66,-0.134723
10,135,65,-0.213759
10,140,57,-0.208809
10,145,58,-0.178693
10,150,58,-0.156687
10,155,53,-0.110984
10,160,53,-0.030555
10,165,51,-0.119935
10,170,50,-0.006003
10,175,53,0.157113
10,180,53,0.065522
10,185,54,0.126864
10,190,54,0.061737
10,195,52,0.110817
10,200,50,0.133549
10,205,46,0.142529
10,210,42,0.233878
10,215,44,0.260267
10,220,42,0.345454
10,225,42,0.255036
10,230,41,0.084128
10,235,41,-0.084284
10,240,42,-0.071023
10,245,42,-0.173618
10,250,44,-0.175857
10,255,46,0.089559
10,260,43,0.160832
10,265,40,0.055428
10,270,38,-0.064069
10,275,40,-0.214850
10,280,36,-0.301377
10,285,34,-0.305203
10,290,34,-0.278545
10,295,38,-0.327311
10,300,38,-0.328330
15,20,207,-0.210039
15,25,182,-0.478227
15,30,150,-0.243065
15,35,129,-0.079078
15,40,117,-0.039699
15,45,93,0.415100
15,50,87,0.154406
15,55,89,0.247280
15,60,93,0.426481
15,65,83,0.463256
15,70,81,0.296633
15,75,74,0.275821
15,80,67,0.411176
15,85,68,0.109960
15,90,60,0.037986
15,95,61,-0.261252
15,100,58,-0.185395
15,105,63,-0.230915
15,110,63,-0.226061
15,115,60,-0.240355
15,120,64,-0.386083
15,125,66,-0.389245
15,130,62,-0.425545
15,135,55,-0.388596
15,140,57,-0.354628
15,145,54,-0.382720
15,150,52,-0.218281
15,155,49,-0.128331
15,160,48,-0.125665
15,165,48,-0.105138
15,170,45,0.023917
15,175,47,0.103423
15,180,51,-0.040317
15,185,45,-0.001929
15,190,48,0.024907
15,195,47,0.016374
15,200,47,-0.015059
15,205,45,0.058036
15,210,41,0.130041
15,215,41,0.011952
15,220,40,-0.024870
15,225,39,-0.146935
15,230,39,-0.332230
15,235,40,-0.281790
15,240,42,-0.311539
15,245,42,-0.061570
15,250,40,-0.028336
15,255,39,0.047910
15,260,38,-0.118372
15,265,39,0.032148
15,270,39,0.034567
15,275,37,0.085147
15,280,37,0.103787
15,285,35,-0.035912
15,290,35,-0.041316
15,295,31,-0.002871
15,300,34,-0.145212
20,25,211,-0.535752
20,30,153,-0.348769
20,35,140,-0.100296
20,40,124,-0.153385
20,45,99,0.040281
20,50,96,0.251565
20,55,89,0.241913
20,60,88,0.246685
20,65,84,0.436423
20,70,79,0.478063
20,75,70,0.370516
20,80,66,0.294620
20,85,60,0.224231
20,90,55,-0.198329
20,95,55,-0.202696
20,100,58,-0.339551
20,105,59,-0.250666
20,110,60,-0.365038
20,115,58,-0.337574
20,120,57,-0.329940
20,125,58,-0.116502
20,130,60,-0.160049
20,135,51,-0.383378
20,140,50,-0.392493
20,145,49,-0.390571
20,150,51,-0.243962
20,155,49,-0.209273
20,160,48,-0.062237
20,165,47,0.060649
20,170,43,0.004727
20,175,40,0.060295
20,180,39,0.041389
20,185,34,0.163825
20,190,41,0.065893
20,195,43,-0.186355
20,200,45,-0.021720
20,205,46,-0.138337
20,210,42,0.132300
20,215,41,0.056018
20,220,41,0.057534
20,225,41,-0.108448
20,230,39,-0.083832
20,235,40,0.153231
20,240,40,0.169323
20,245,39,0.145356
20,250,40,-0.092483
20,255,38,-0.031732
20,260,36,-0.128307
20,265,35,-0.111015
20,270,34,-0.169832
20,275,35,-0.273292
20,280,34,-0.201426
20,285,32,-0.332528
20,290,32,-0.318108
20,295,32,-0.294516
20,300,32,-0.335067
25,30,182,-0.011679
25,35,134,0.199916
25,40,110,0.514873
25,45,102,0.579645
25,50,85,0.528583
25,55,84,0.499270
25,60,83,0.350063
25,65,78,0.334573
25,70,76,0.263692
25,75,63,0.341494
25,80,60,0.386247
25,85,59,0.237397
25,90,53,-0.108863
25,95,57,-0.387477
25,100,53,-0.240861
25,105,58,-0.361465
25,110,54,-0.271739
25,115,54,-0.312553
25,120,60,-0.346035
25,125,60,-0.309368
25,130,59,-0.288793
25,135,49,-0.427648
25,140,48,-0.402571
25,145,48,-0.201234
25,150,43,-0.105276
25,155,44,0.241027
25,160,44,0.148462
25,165,41,0.218066
25,170,38,-0.078929
25,175,36,0.005005
25,180,35,0.024726
25,185,35,0.353489
25,190,34,0.226664
25,195,33,0.406425
25,200,33,0.473096
25,205,36,0.347916
25,210,40,0.311498
25,215,39,0.279111
25,220,39,-0.094971
25,225,38,-0.118345
25,230,39,-0.015818
25,235,36,0.137718
25,240,36,-0.124394
25,245,34,-0.213465
25,250,35,-0.337442
25,255,32,-0.315073
25,260,32,-0.308507
25,265,32,-0.345718
25,270,32,-0.261821
25,275,31,-0.195557
25,280,32,-0.199407
25,285,33,-0.261270
25,290,31,-0.279925
25,295,32,-0.305566
25,300,32,-0.331229
30,35,154,0.127096
30,40,128,0.488859
30,45,105,0.449474
30,50,94,0.320121
30,55,88,0.261473
30,60,78,0.551920
30,65,77,0.223121
30,70,72,0.214789
30,75,58,0.382154
30,80,52,0.332953
30,85,55,0.057154
30,90,60,-0.117108
30,95,57,-0.077241
30,100,54,-0.177569
30,105,52,-0.291016
30,110,52,-0.253774
30,115,53,-0.386977
30,120,55,-0.253700
30,125,56,-0.211418
30,130,55,-0.368096
30,135,48,-0.377376
30,140,45,-0.403316
30,145,44,-0.402997
30,150,37,-0.168407
30,155,37,-0.331460
30,160,36,-0.333492
30,165,36,0.248876
30,170,33,0.267641
30,175,32,0.309858
30,180,32,0.477408
30,185,30,0.571572
30,190,30,0.505342
30,195,30,0.492354
30,200,30,0.472296
30,205,27,0.216627
30,210,28,0.210865
30,215,35,0.092046
30,220,29,-0.096337
30,225,30,-0.070270
30,230,35,0.109584
30,235,35,-0.095843
30,240,34,-0.217867
30,245,35,-0.380048
30,250,33,-0.351320
30,255,31,-0.222247
30,260,32,-0.196018
30,265,31,-0.159644
30,270,31,-0.234665
30,275,32,-0.251182
30,280,36,-0.228749
30,285,32,-0.216681
30,290,29,-0.331892
30,295,28,-0.327330
30,300,29,-0.317095
35,40,158,0.579077
35,45,125,0.387369
35,50,99,0.488684
35,55,90,0.144438
35,60,75,0.194016
35,65,73,0.140983
35,70,74,0.312359
35,75,64,0.140901
35,80,56,-0.210956
35,85,55,-0.361114
35,90,55,-0.129618
35,95,52,-0.175622
35,100,52,-0.254964
35,105,52,-0.241917
35,110,50,-0.278156
35,115,50,-0.087518
35,120,50,-0.151675
35,125,45,-0.133309
35,130,47,-0.129280
35,135,45,-0.075388
35,140,36,-0.073414
35,145,36,-0.075298
35,150,42,0.059495
35,155,38,-0.086358
35,160,37,0.173853
35,165,35,0.267751
35,170,37,0.418640
35,175,29,0.392374
35,180,28,0.512135
35,185,28,0.523200
35,190,28,0.530241
35,195,26,0.441463
35,200,27,0.143109
35,205,27,0.147429
35,210,27,0.563617
35,215,27,0.335559
35,220,25,0.329007
35,225,25,0.309685
35,230,27,-0.060111
35,235,27,-0.051991
35,240,28,0.023034
35,245,27,-0.132533
35,250,27,-0.138479
35,255,23,0.017872
35,260,24,-0.005985
35,265,24,-0.030007
35,270,24,-0.146066
35,275,25,-0.119519
35,280,23,-0.126969
35,285,29,-0.185052
35,290,24,-0.183611
35,295,24,-0.212044
35,300,24,-0.199536
40,45,138,0.418455
40,50,104,0.529157
40,55,98,0.379372
40,60,82,0.375463
40,65,73,0.057796
40,70,70,0.224514
40,75,66,-0.024863
40,80,55,-0.207952
40,85,55,-0.224692
40,90,57,0.003321
40,95,54,-0.321738
40,100,53,-0.292611
40,105,50,0.017563
40,110,50,-0.296146
40,115,52,-0.273983
40,120,47,-0.120184
40,125,46,-0.243543
40,130,48,-0.282553
40,135,41,-0.372019
40,140,39,-0.182577
40,145,38,0.223272
40,150,38,0.034281
40,155,37,0.081019
40,160,38,0.323101
40,165,33,0.523255
40,170,33,0.604888
40,175,27,0.485378
40,180,30,0.231771
40,185,28,0.409309
40,190,29,0.592607
40,195,29,0.360245
40,200,29,0.416374
40,205,29,0.457007
40,210,28,0.467103
40,215,25,0.212352
40,220,23,0.252095
40,225,25,0.302285
40,230,21,0.241414
40,235,23,0.356358
40,240,22,0.454098
40,245,19,0.232391
40,250,18,0.180545
40,255,19,0.052766
40,260,24,-0.198046
40,265,26,-0.380314
40,270,26,-0.369841
40,275,25,-0.394473
40,280,23,-0.318825
40,285,25,-0.372687
40,290,25,-0.709392
40,295,27,-0.727607
40,300,24,-0.720187
45,50,130,0.104738
45,55,93,0.189012
45,60,89,0.110234
45,65,78,0.049156
45,70,66,0.134772
45,75,60,-0.039600
45,80,56,-0.153109
45,85,53,-0.127676
45,90,54,0.010108
45,95,53,-0.411070
45,100,54,-0.365242
45,105,52,-0.055574
45,110,52,-0.188948
45,115,47,0.065429
45,120,49,-0.174838
45,125,51,-0.251976
45,130,43,0.005456
45,135,38,-0.048447
45,140,38,0.212906
45,145,39,0.331055
45,150,38,0.019458
45,155,39,0.212595
45,160,37,0.310590
45,165,33,0.372440
45,170,30,0.500316
45,175,28,0.454988
45,180,30,0.434969
45,185,28,0.375060
45,190,28,0.643239
45,195,26,0.392133
45,200,26,0.266152
45,205,26,0.537414
45,210,24,0.341586
45,215,25,0.218077
45,220,25,0.167060
45,225,25,0.148558
45,230,21,0.209834
45,235,24,0.337156
45,240,22,0.312679
45,245,20,-0.107826
45,250,20,-0.102167
45,255,20,-0.338586
45,260,20,-0.678073
45,265,21,-0.692049
45,270,21,-0.679214
45,275,21,-0.694139
45,280,28,-0.662931
45,285,26,-0.633453
45,290,27,-0.703512
45,295,27,-0.731101
45,300,27,-0.797942
50,55,120,0.200780
50,60,104,-0.040410
50,65,88,0.119351
50,70,72,0.000840
50,75,64,-0.202063
50,80,61,-0.333801
50,85,56,-0.183928
50,90,54,-0.392861
50,95,58,-0.216159
50,100,57,-0.214594
50,105,56,-0.116487
50,110,53,-0.242348
50,115,47,0.076998
50,120,46,-0.043195
50,125,46,0.093086
50,130,42,0.219270
50,135,39,0.120941
50,140,40,0.213994
50,145,41,0.299161
50,150,38,0.387218
50,155,36,0.319895
50,160,30,0.583159
50,165,30,0.484495
50,170,28,0.560099
50,175,31,0.418609
50,180,26,0.345025
50,185,28,0.198269
50,190,27,0.244731
50,195,29,0.074179
50,200,29,-0.000302
50,205,27,0.262037
50,210,27,0.169793
50,215,24,0.146627
50,220,24,0.128933
50,225,25,-0.261106
50,230,23,-0.585813
50,235,24,-0.507671
50,240,22,-0.652430
50,245,20,-0.498247
50,250,20,-0.361625
50,255,17,-0.457699
50,260,20,-0.344747
50,265,21,-0.664625
50,270,20,-0.631112
50,275,21,-0.625982
50,280,21,-0.699464
50,285,23,-0.719832
50,290,25,-0.639614
50,295,28,-0.671071
50,300,27,-0.717214
55,60,125,0.100748
55,65,103,-0.098800
55,70,85,-0.148042
55,75,67,-0.492139
55,80,63,-0.154938
55,85,56,-0.125143
55,90,57,-0.402666
55,95,58,-0.076495
55,100,59,-0.470284
55,105,57,-0.509821
55,110,51,-0.251313
55,115,49,0.002468
55,120,45,-0.073826
55,125,46,-0.157982
55,130,38,-0.048412
55,135,36,0.178380
55,140,33,0.236946
55,145,35,0.392479
55,150,35,0.693709
55,155,32,0.705149
55,160,29,0.691277
55,165,28,0.390883
55,170,26,0.390394
55,175,26,0.368153
55,180,24,0.281316
55,185,27,0.432891
55,190,29,0.086617
55,195,28,0.165606
55,200,28,-0.070385
55,205,28,-0.272285
55,210,28,-0.538238
55,215,26,-0.858133
55,220,25,-0.880311
55,225,25,-0.834670
55,230,22,-0.611398
55,235,24,-0.616437
55,240,22,-0.555526
55,245,21,-0.429908
55,250,20,-0.375267
55,255,17,-0.414857
55,260,18,-0.306525
55,265,17,-0.419137
55,270,21,-0.393101
55,275,21,-0.399351
55,280,18,-0.585997
55,285,18,-0.601739
55,290,18,-0.246454
55,295,20,0.001641
55,300,26,-0.093048
60,65,123,-0.003277
60,70,96,-0.486710
60,75,72,-0.379530
60,80,65,-0.024104
60,85,60,-0.380697
60,90,60,-0.412296
60,95,56,-0.398958
60,100,55,-0.397975
60,105,55,-0.332964
60,110,49,-0.063890
60,115,47,-0.156130
60,120,45,-0.177190
60,125,44,0.217373
60,130,38,0.294915
60,135,29,0.240147
60,140,29,0.271665
60,145,28,0.494732
60,150,27,0.360080
60,155,33,0.595041
60,160,31,0.302416
60,165,28,0.535066
60,170,26,0.449226
60,175,28,0.110031
60,180,28,0.114047
60,185,28,0.093518
60,190,29,-0.073610
60,195,31,-0.078652
60,200,31,-0.179190
60,205,26,-0.417853
60,210,26,-0.596399
60,215,26,-0.697459
60,220,26,-0.798893
60,225,26,-0.873565
60,230,20,-0.632460
60,235,20,-0.727039
60,240,22,-0.498460
60,245,21,-0.549505
60,250,17,-0.176695
60,255,18,-0.019467
60,260,18,-0.308760
60,265,17,-0.462387
60,270,18,-0.220467
60,275,17,-0.187034
60,280,18,-0.205526
60,285,18,-0.210389
60,290,18,-0.240652
60,295,18,-0.758271
60,300,18,-0.729339
65,70,111,-0.290601
65,75,86,0.011883
65,80,69,-0.209475
65,85,63,-0.528644
65,90,66,-0.395134
65,95,59,-0.420017
65,100,57,-0.587916
65,105,55,-0.474568
65,110,53,-0.248521
65,115,50,-0.078652
65,120,44,-0.077549
65,125,39,-0.139653
65,130,38,0.103012
65,135,29,0.309349
65,140,27,0.237847
65,145,27,0.255364
65,150,26,0.395156
65,155,29,0.211656
65,160,32,0.301080
65,165,30,0.225248
65,170,28,0.090760
65,175,28,-0.050735
65,180,26,0.097423
65,185,27,0.217375
65,190,29,-0.008948
65,195,29,-0.059722
65,200,28,-0.337749
65,205,28,-0.616478
65,210,26,-0.371705
65,215,26,-0.717890
65,220,26,-0.902791
65,225,26,-0.832078
65,230,21,-0.618761
65,235,20,-0.263771
65,240,18,0.153904
65,245,21,-0.103656
65,250,18,-0.002880
65,255,17,-0.165392
65,260,18,-0.218586
65,265,18,-0.218197
65,270,17,-0.174693
65,275,18,-0.717909
65,280,18,-0.756636
65,285,18,-0.639769
65,290,18,-0.287566
65,295,18,-0.300805
65,300,18,-0.660107
70,75,112,-0.143671
70,80,82,-0.534684
70,85,65,-0.366479
70,90,68,-0.467279
70,95,64,-0.762800
70,100,56,-0.581164
70,105,50,-0.121536
70,110,50,-0.181129
70,115,47,-0.132945
70,120,46,-0.050590
70,125,38,-0.176655
70,130,35,-0.298871
70,135,31,-0.048683
70,140,28,-0.328060
70,145,29,-0.156601
70,150,29,-0.185143
70,155,29,-0.185869
70,160,31,0.081656
70,165,28,-0.096285
70,170,26,-0.046722
70,175,28,0.233308
70,180,27,0.108992
70,185,28,0.203322
70,190,30,-0.031849
70,195,30,-0.370886
70,200,28,-0.635822
70,205,28,-0.461197
70,210,27,-0.104657
70,215,25,-0.338882
70,220,25,-0.228484
70,225,21,-0.209443
70,230,21,0.190055
70,235,21,-0.214482
70,240,18,-0.676908
70,245,18,-0.681523
70,250,19,-0.468120
70,255,18,-0.581750
70,260,18,-0.567034
70,265,18,-0.596933
70,270,18,-0.632168
70,275,18,-0.295481
70,280,18,-0.269430
70,285,18,-0.624034
70,290,18,-0.241605
70,295,18,-0.247861
70,300,18,-0.255356
75,80,111,-0.319553
75,85,83,-0.499876
75,90,64,-0.301191
75,95,59,-0.526421
75,100,60,-0.189781
75,105,56,-0.253366
75,110,53,-0.219481
75,115,48,-0.172435
75,120,44,-0.128592
75,125,44,-0.071005
75,130,33,-0.380312
75,135,29,-0.205284
75,140,30,-0.093470
75,145,28,-0.169039
75,150,29,-0.146143
75,155,31,0.021751
75,160,31,0.078132
75,165,28,-0.127128
75,170,30,0.035945
75,175,26,0.120822
75,180,26,0.175790
75,185,26,-0.061316
75,190,26,-0.123241
75,195,29,-0.144880
75,200,29,-0.164742
75,205,27,-0.102584
75,210,29,-0.142853
75,215,25,-0.551895
75,220,24,-0.120392
75,225,22,-0.264587
75,230,22,-0.559410
75,235,22,-0.261159
75,240,18,-0.060119
75,245,18,-0.288599
75,250,18,-0.374915
75,255,18,-0.328122
75,260,18,-0.605829
75,265,18,-0.611098
75,270,18,-0.216523
75,275,18,-0.234401
75,280,18,-0.239408
75,285,18,-0.248310
75,290,18,0.001738
75,295,18,0.018251
75,300,18,0.006739
80,85,106,-0.385112
80,90,78,-0.302686
80,95,64,0.071713
80,100,55,0.197556
80,105,58,0.226080
80,110,51,0.267832
80,115,49,0.193034
80,120,40,0.165853
80,125,42,0.320684
80,130,36,0.161240
80,135,35,0.297822
80,140,30,0.378613
80,145,30,0.394781
80,150,30,0.205570
80,155,29,0.132987
80,160,30,0.318176
80,165,29,0.388600
80,170,30,0.244885
80,175,26,0.164324
80,180,26,0.171457
80,185,26,0.065340
80,190,26,-0.353743
80,195,26,-0.358068
80,200,28,-0.186042
80,205,28,-0.546663
80,210,27,-0.530539
80,215,24,-0.280525
80,220,24,-0.047848
80,225,24,-0.595037
80,230,22,-0.018615
80,235,21,0.037039
80,240,18,0.052621
80,245,18,0.062370
80,250,18,-0.031878
80,255,18,-0.007189
80,260,18,-0.197226
80,265,18,-0.253829
80,270,18,-0.240577
80,275,18,0.009273
80,280,18,0.037397
80,285,18,0.049647
80,290,18,0.030753
80,295,18,0.057336
80,300,18,0.070193
85,90,101,0.093532
85,95,72,0.387988
85,100,60,0.229529
85,105,55,0.288077
85,110,53,0.174274
85,115,50,0.349328
85,120,38,0.487967
85,125,35,0.215842
85,130,37,0.074662
85,135,35,0.133192
85,140,31,0.136287
85,145,31,0.185271
85,150,31,0.199825
85,155,30,0.666355
85,160,29,0.514878
85,165,30,0.479633
85,170,29,0.421174
85,175,29,0.309952
85,180,26,0.139194
85,185,26,-0.339546
85,190,25,-0.370244
85,195,28,-0.140814
85,200,25,-0.219202
85,205,25,-0.240288
85,210,27,-0.295540
85,215,28,-0.254239
85,220,29,-0.022773
85,225,24,-0.254576
85,230,21,0.040231
85,235,21,0.011518
85,240,18,0.029841
85,245,18,-0.007745
85,250,18,-0.087931
85,255,18,-0.022808
85,260,18,-0.176789
85,265,18,0.263221
85,270,18,0.065429
85,275,18,0.043775
85,280,18,0.047270
85,285,18,0.032315
85,290,18,-0.000790
85,295,18,0.035715
85,300,18,-0.058001
90,95,93,0.035511
90,100,79,0.025430
90,105,63,-0.193998
90,110,57,0.131277
90,115,49,0.340711
90,120,44,0.063176
90,125,37,0.066090
90,130,37,0.226820
90,135,36,0.260292
90,140,36,0.129455
90,145,31,0.187751
90,150,32,0.346175
90,155,31,0.597095
90,160,31,0.442471
90,165,28,0.669450
90,170,28,0.419232
90,175,28,0.077463
90,180,29,-0.037546
90,185,27,-0.407721
90,190,29,0.053623
90,195,29,-0.448132
90,200,29,-0.197412
90,205,26,-0.000354
90,210,28,-0.264646
90,215,29,-0.266420
90,220,28,-0.336946
90,225,25,-0.259647
90,230,25,0.025840
90,235,18,-0.010106
90,240,18,-0.008649
90,245,18,-0.038800
90,250,18,-0.054835
90,255,18,0.007267
90,260,18,0.023340
90,265,18,0.276307
90,270,18,0.062172
90,275,18,0.015180
90,280,18,0.023113
90,285,18,-0.034779
90,290,18,0.019611
90,295,18,-0.035691
90,300,18,-0.361581
95,100,90,-0.157468
95,105,70,0.045785
95,110,62,0.092009
95,115,55,0.049374
95,120,45,-0.030785
95,125,37,0.226134
95,130,37,0.217113
95,135,41,0.153901
95,140,39,0.233392
95,145,33,0.482396
95,150,33,0.623168
95,155,33,0.773915
95,160,32,0.568515
95,165,28,-0.014399
95,170,29,-0.026467
95,175,29,-0.339296
95,180,28,-0.593838
95,185,32,-0.090936
95,190,29,0.086885
95,195,30,-0.015605
95,200,30,-0.211212
95,205,30,-0.284912
95,210,26,-0.261975
95,215,29,-0.092666
95,220,28,-0.258135
95,225,28,0.025092
95,230,26,0.029418
95,235,18,-0.027502
95,240,18,-0.023184
95,245,18,-0.041745
95,250,18,0.242935
95,255,18,0.237366
95,260,18,0.022068
95,265,18,-0.035416
95,270,18,-0.293820
95,275,18,-0.306345
95,280,18,-0.262412
95,285,18,-0.299146
95,290,18,-0.310154
95,295,18,-0.306366
95,300,18,-0.048179
100,105,91,0.098604
100,110,74,-0.076001
100,115,63,-0.164932
100,120,54,0.087954
100,125,42,0.284376
100,130,40,0.184444
100,135,38,0.191292
100,140,36,0.503816
100,145,40,0.515477
100,150,34,0.848799
100,155,34,0.427308
100,160,30,0.510913
100,165,30,0.298395
100,170,29,-0.064324
100,175,30,-0.147519
100,180,30,-0.184177
100,185,33,-0.071687
100,190,33,-0.337970
100,195,30,-0.284981
100,200,30,-0.271768
100,205,30,-0.300163
100,210,29,-0.092437
100,215,29,-0.252594
100,220,29,-0.255612
100,225,31,-0.016206
100,230,23,0.015664
100,235,18,0.236146
100,240,18,0.190593
100,245,18,-0.023168
100,250,18,-0.210153
100,255,18,-0.039476
100,260,18,-0.010364
100,265,18,-0.248809
100,270,18,0.032819
100,275,18,0.050783
100,280,18,0.014864
100,285,18,-0.028612
100,290,18,0.001434
100,295,18,-0.334006
100,300,18,-0.285840
105,110,91,-0.116396
105,115,71,0.076296
105,120,59,0.226323
105,125,53,0.031046
105,130,44,0.007691
105,135,40,-0.016859
105,140,36,0.145210
105,145,38,0.505156
105,150,36,0.697314
105,155,34,0.585539
105,160,31,0.322545
105,165,31,0.230894
105,170,30,0.390063
105,175,29,-0.198353
105,180,28,-0.306537
105,185,31,-0.041194
105,190,32,-0.126747
105,195,29,-0.646386
105,200,30,-0.330927
105,205,29,-0.059929
105,210,29,-0.275375
105,215,31,-0.256413
105,220,28,-0.058441
105,225,28,0.256522
105,230,24,-0.003123
105,235,18,-0.025193
105,240,18,-0.078925
105,245,18,-0.027404
105,250,18,0.218659
105,255,18,0.210802
105,260,20,0.039817
105,265,18,0.003059
105,270,18,-0.251800
105,275,18,-0.336535
105,280,18,-0.349253
105,285,18,-0.634822
105,290,18,-0.776011
105,295,18,-0.751628
105,300,18,-0.272876
110,115,83,-0.067483
110,120,72,0.168439
110,125,59,0.079643
110,130,50,0.232039
110,135,42,-0.018003
110,140,39,0.346213
110,145,36,0.186490
110,150,35,0.340516
110,155,33,0.245666
110,160,30,0.250254
110,165,30,0.259883
110,170,31,0.184742
110,175,29,-0.242544
110,180,28,-0.242984
110,185,28,-0.492036
110,190,29,-0.186289
110,195,29,-0.135822
110,200,28,-0.427366
110,205,28,-0.625383
110,210,28,-0.246944
110,215,30,0.006636
110,220,25,0.295124
110,225,28,0.012917
110,230,27,-0.011964
110,235,21,0.249750
110,240,18,0.212569
110,245,18,0.216851
110,250,18,0.228796
110,255,18,-0.282862
110,260,18,-0.305156
110,265,18,-0.281994
110,270,18,-0.347594
110,275,18,-0.300031
110,280,18,-0.278914
110,285,18,-0.260084
110,290,18,0.004495
110,295,18,0.035991
110,300,18,-0.000690
115,120,80,0.067545
115,125,66,-0.029033
115,130,55,0.245437
115,135,49,0.162962
115,140,42,0.406039
115,145,38,0.238231
115,150,33,0.149448
115,155,33,0.008801
115,160,30,0.271489
115,165,30,0.332956
115,170,31,-0.231050
115,175,29,-0.419586
115,180,31,-0.163129
115,185,29,-0.571935
115,190,29,-0.160436
115,195,28,0.091985
115,200,26,-0.874360
115,205,28,-0.271114
115,210,27,-0.208919
115,215,29,0.301937
115,220,31,0.309796
115,225,29,0.270421
115,230,27,-0.036072
115,235,21,0.202221
115,240,18,0.248448
115,245,18,-0.256987
115,250,18,-0.021279
115,255,18,-0.307404
115,260,18,-0.260685
115,265,18,-0.312842
115,270,18,-0.290036
115,275,18,-0.289313
115,280,18,-0.274694
115,285,18,-0.032469
115,290,18,-0.301013
115,295,18,-0.358253
115,300,18,-0.413189
120,125,82,0.153919
120,130,62,0.040260
120,135,54,-0.073355
120,140,49,-0.089828
120,145,36,-0.128454
120,150,33,-0.099263
120,155,34,0.168731
120,160,30,0.225053
120,165,31,0.202560
120,170,31,-0.202021
120,175,30,-0.432336
120,180,30,-0.708518
120,185,29,-0.201740
120,190,28,0.093274
120,195,29,-0.388644
120,200,29,-0.393515
120,205,26,-0.025556
120,210,28,0.330860
120,215,29,0.322586
120,220,29,0.245423
120,225,27,0.241138
120,230,29,-0.063586
120,235,20,-0.052031
120,240,20,0.213094
120,245,18,-0.260084
120,250,18,-0.028124
120,255,18,-0.288932
120,260,18,-0.278551
120,265,18,-0.263124
120,270,18,-0.289709
120,275,18,-0.396600
120,280,18,-0.436236
120,285,18,-0.390294
120,290,18,-0.424305
120,295,18,-0.437915
120,300,18,-0.412395
125,130,83,0.175230
125,135,62,0.136191
125,140,52,-0.268144
125,145,46,-0.402913
125,150,34,-0.095456
125,155,35,-0.086440
125,160,34,0.123199
125,165,32,-0.168557
125,170,32,-0.250830
125,175,32,-0.613843
125,180,29,-0.514271
125,185,32,-0.750154
125,190,29,-0.331401
125,195,29,-0.298370
125,200,28,0.108453
125,205,27,0.041151
125,210,25,0.365053
125,215,27,0.275091
125,220,29,0.257000
125,225,28,0.264744
125,230,26,0.230537
125,235,22,-0.035057
125,240,22,-0.347431
125,245,20,-0.034634
125,250,20,-0.351924
125,255,18,0.017602
125,260,18,0.044027
125,265,18,-0.289961
125,270,18,-0.378216
125,275,18,-0.384803
125,280,18,-0.358511
125,285,18,-0.412073
125,290,18,-0.399862
125,295,18,-0.370858
125,300,18,-0.396956
130,135,74,0.499396
130,140,63,-0.016714
130,145,49,-0.134982
130,150,42,-0.096781
130,155,38,-0.126455
130,160,35,-0.079526
130,165,35,0.112754
130,170,31,-0.007816
130,175,32,-0.699635
130,180,31,-0.896245
130,185,30,-0.408278
130,190,29,0.059620
130,195,28,-0.049988
130,200,28,0.179249
130,205,25,0.333496
130,210,27,0.297943
130,215,27,0.315032
130,220,28,0.271725
130,225,27,0.242045
130,230,26,0.227947
130,235,24,-0.397014
130,240,20,-0.521725
130,245,20,0.246232
130,250,20,0.012740
130,255,22,-0.268506
130,260,18,0.049924
130,265,18,-0.293237
130,270,18,-0.424138
130,275,18,-0.393923
130,280,18,-0.376969
130,285,18,-0.381540
130,290,18,-0.378253
130,295,18,-0.336079
130,300,18,0.075158
135,140,76,-0.115317
135,145,58,-0.401739
135,150,47,-0.594437
135,155,40,-0.124909
135,160,37,-0.124101
135,165,38,-0.058056
135,170,34,-0.520299
135,175,32,-0.783475
135,180,32,-0.506761
135,185,33,0.043659
135,190,31,-0.172705
135,195,30,0.142313
135,200,25,0.353879
135,205,24,0.284196
135,210,23,0.296940
135,215,25,0.267714
135,220,24,0.265518
135,225,26,0.246268
135,230,26,-0.434913
135,235,23,-0.580260
135,240,22,-0.021383
135,245,21,0.008717
135,250,22,0.049770
135,255,22,-0.281672
135,260,22,-0.324917
135,265,18,0.014211
135,270,18,-0.324529
135,275,18,-0.358066
135,280,18,-0.297301
135,285,18,-0.309525
135,290,18,-0.356230
135,295,18,0.086246
135,300,18,0.078591
140,145,75,-0.418363
140,150,57,-0.017339
140,155,46,0.025046
140,160,36,-0.166283
140,165,38,-0.413720
140,170,37,-0.229631
140,175,32,-0.594861
140,180,31,-0.187484
140,185,33,0.059138
140,190,32,-0.146985
140,195,28,0.130785
140,200,24,0.227121
140,205,24,0.230331
140,210,23,0.231403
140,215,25,0.246509
140,220,24,-0.056873
140,225,24,-0.048034
140,230,26,-0.569339
140,235,26,-0.015263
140,240,22,0.299765
140,245,22,0.038922
140,250,21,-0.300555
140,255,21,-0.365182
140,260,22,0.009560
140,265,21,-0.026736
140,270,18,-0.249793
140,275,18,-0.282388
140,280,18,-0.360259
140,285,18,-0.412355
140,290,18,-0.388871
140,295,18,0.062531
140,300,18,0.101367
145,150,73,0.250407
145,155,51,-0.137639
145,160,42,-0.385363
145,165,36,-0.162197
145,170,36,-0.595383
145,175,34,-0.204446
145,180,31,-0.248002
145,185,31,0.057978
145,190,32,-0.101391
145,195,29,0.103655
145,200,24,0.281232
145,205,24,0.225991
145,210,24,0.256156
145,215,24,-0.009318
145,220,24,-0.058360
145,225,24,-0.259449
145,230,24,-0.000632
145,235,27,0.257984
145,240,23,0.038440
145,245,21,-0.248278
145,250,21,-0.342499
145,255,21,0.064584
145,260,22,0.047580
145,265,21,-0.259202
145,270,23,-0.270113
145,275,18,-0.343382
145,280,18,-0.379424
145,285,18,-0.376475
145,290,18,0.056763
145,295,18,0.123539
145,300,18,0.105711
150,155,75,0.057878
150,160,48,0.016588
150,165,41,-0.274832
150,170,36,-0.251403
150,175,34,-0.288090
150,180,34,-0.338669
150,185,31,0.010060
150,190,31,-0.175310
150,195,33,0.131147
150,200,24,0.206585
150,205,25,-0.053394
150,210,23,0.010591
150,215,24,-0.220436
150,220,24,0.198643
150,225,25,0.004317
150,230,25,0.020700
150,235,25,-0.008236
150,240,23,-0.300503
150,245,21,-0.315370
150,250,21,0.001200
150,255,21,0.009443
150,260,20,-0.254842
150,265,21,-0.276607
150,270,21,-0.294670
150,275,18,-0.337181
150,280,18,-0.452142
150,285,18,0.074905
150,290,18,0.081063
150,295,18,0.067741
150,300,18,0.083578
155,160,71,-0.032904
155,165,50,0.168666
155,170,40,0.059392
155,175,33,-0.277869
155,180,34,-0.029265
155,185,34,-0.211495
155,190,32,0.216143
155,195,31,0.431901
155,200,26,0.123070
155,205,24,-0.013166
155,210,24,0.039098
155,215,24,0.253090
155,220,25,-0.021169
155,225,25,-0.229965
155,230,25,0.032043
155,235,25,-0.268611
155,240,24,0.062141
155,245,18,-0.001038
155,250,18,0.057211
155,255,20,-0.232806
155,260,20,-0.274952
155,265,20,-0.345762
155,270,20,-0.351618
155,275,21,-0.411714
155,280,18,0.072740
155,285,18,0.106066
155,290,18,0.101499
155,295,18,0.082325
155,300,18,0.072717
160,165,74,-0.020241
160,170,49,-0.183759
160,175,39,0.042976
160,180,36,-0.038614
160,185,33,0.108251
160,190,33,0.173515
160,195,29,-0.112259
160,200,27,0.106750
160,205,26,0.364954
160,210,24,0.261011
160,215,25,0.016100
160,220,25,-0.294755
160,225,25,0.049065
160,230,25,-0.284224
160,235,25,-0.254486
160,240,24,0.013272
160,245,18,-0.219174
160,250,18,-0.282627
160,255,18,-0.394835
160,260,20,-0.326768
160,265,20,-0.359279
160,270,20,-0.448205
160,275,21,0.053617
160,280,21,0.113103
160,285,18,0.071953
160,290,18,0.085967
160,295,18,0.076516
160,300,18,0.129732
165,170,67,-0.120919
165,175,47,-0.227796
165,180,36,-0.272223
165,185,34,0.278950
165,190,32,-0.108551
165,195,33,0.033174
165,200,26,0.349949
165,205,26,-0.033217
165,210,27,-0.058741
165,215,25,-0.291670
165,220,25,-0.226614
165,225,25,0.012112
165,230,25,-0.304314
165,235,25,0.082710
165,240,25,-0.273941
165,245,21,-0.395823
165,250,18,-0.350302
165,255,18,-0.359903
165,260,18,-0.368862
165,265,20,-0.401075
165,270,20,0.071494
165,275,20,0.109012
165,280,21,0.047684
165,285,21,0.117397
165,290,18,0.085575
165,295,18,0.130634
165,300,18,0.084438
170,175,68,-0.231789
170,180,43,-0.141103
170,185,37,-0.215883
170,190,35,-0.059321
170,195,33,-0.142650
170,200,33,-0.143145
170,205,27,-0.097315
170,210,27,-0.391043
170,215,25,-0.283344
170,220,26,0.030329
170,225,25,0.034553
170,230,25,-0.243044
170,235,25,0.051886
170,240,27,-0.329114
170,245,22,-0.312265
170,250,18,-0.379326
170,255,18,-0.381902
170,260,18,0.050387
170,265,18,0.039115
170,270,18,0.061035
170,275,21,0.067047
170,280,21,0.121169
170,285,21,0.116255
170,290,21,0.108339
170,295,18,0.052532
170,300,18,-0.169850
175,180,61,-0.244348
175,185,39,0.007068
175,190,39,-0.272429
175,195,36,-0.283053
175,200,35,0.119268
175,205,30,-0.411009
175,210,28,-0.025956
175,215,28,-0.028501
175,220,25,-0.315711
175,225,25,-0.239373
175,230,25,0.052853
175,235,25,-0.010900
175,240,25,-0.333566
175,245,22,-0.377945
175,250,22,-0.456615
175,255,18,0.065091
175,260,18,0.050026
175,265,18,0.014916
175,270,18,0.068615
175,275,18,0.143497
175,280,18,0.108976
175,285,21,0.096120
175,290,21,0.076167
175,295,21,-0.153304
175,300,21,0.164563
180,185,49,-0.082963
180,190,45,-0.302272
180,195,38,-0.433838
180,200,36,-0.462784
180,205,35,-0.055391
180,210,31,-0.338744
180,215,34,-0.442968
180,220,27,0.003167
180,225,25,0.029111
180,230,25,-0.031745
180,235,25,-0.354436
180,240,26,-0.454616
180,245,28,-0.422420
180,250,24,-0.027133
180,255,20,0.009610
180,260,18,0.069833
180,265,18,0.099257
180,270,18,0.148004
180,275,18,0.089337
180,280,18,0.069860
180,285,18,0.097514
180,290,21,-0.183670
180,295,21,0.412225
180,300,21,0.211535
185,190,52,-0.519439
185,195,41,-0.267000
185,200,35,-0.204043
185,205,35,-0.556958
185,210,36,-0.547174
185,215,30,-0.028083
185,220,30,-0.073688
185,225,30,-0.537864
185,230,25,-0.428237
185,235,26,-0.467487
185,240,26,-0.376233
185,245,27,-0.012573
185,250,24,0.006239
185,255,23,0.071933
185,260,20,0.121800
185,265,18,0.125901
185,270,18,0.103670
185,275,18,0.085688
185,280,18,0.087047
185,285,18,0.118622
185,290,18,0.181711
185,295,18,0.223282
185,300,21,0.237885
190,195,51,-0.583438
190,200,41,-0.497082
190,205,35,-0.020411
190,210,36,-0.081770
190,215,36,-0.466709
190,220,30,-0.496549
190,225,31,-0.473503
190,230,31,-0.540711
190,235,29,0.034500
190,240,29,0.089819
190,245,27,-0.043052
190,250,25,0.039539
190,255,23,0.093971
190,260,20,0.058512
190,265,20,0.192941
190,270,18,0.105563
190,275,18,0.071437
190,280,18,-0.042744
190,285,18,0.378618
190,290,18,0.078749
190,295,18,0.106668
190,300,18,-0.001805
195,200,52,-0.245373
195,205,42,-0.225938
195,210,39,-0.427871
195,215,35,-0.293865
195,220,33,-0.169608
195,225,30,-0.238595
195,230,30,-0.035916
195,235,27,0.194606
195,240,27,0.224160
195,245,30,0.194300
195,250,29,0.190094
195,255,23,0.096552
195,260,20,0.101586
195,265,20,0.117744
195,270,18,-0.000675
195,275,18,0.365943
195,280,18,0.186928
195,285,18,0.070624
195,290,18,0.089530
195,295,18,0.064930
195,300,18,0.146188
200,205,58,-0.323894
200,210,43,-0.310385
200,215,40,-0.341592
200,220,35,0.012435
200,225,32,0.002583
200,230,31,0.176423
200,235,28,0.219094
200,240,27,0.269487
200,245,27,0.193948
200,250,27,0.150124
200,255,27,0.143589
200,260,23,0.084076
200,265,20,0.523569
200,270,18,0.114740
200,275,18,0.079604
200,280,18,0.230738
200,285,18,0.107312
200,290,18,0.078452
200,295,18,0.161105
200,300,18,0.150382
205,210,59,-0.117605
205,215,43,-0.118378
205,220,39,0.031526
205,225,38,-0.023555
205,230,32,0.071880
205,235,32,0.127795
205,240,33,0.137315
205,245,29,0.117862
205,250,29,0.097226
205,255,27,0.393188
205,260,24,0.405188
205,265,21,0.140665
205,270,21,0.028726
205,275,18,0.089317
205,280,18,0.175231
205,285,18,0.077848
205,290,18,0.163991
205,295,18,0.179244
205,300,17,-0.059753
210,215,55,-0.066619
210,220,41,-0.015662
210,225,41,-0.098453
210,230,42,-0.081920
210,235,32,0.093780
210,240,33,0.355166
210,245,33,0.184350
210,250,33,0.529794
210,255,27,0.199386
210,260,29,0.004661
210,265,21,0.116046
210,270,21,0.099007
210,275,18,0.091985
210,280,18,0.121992
210,285,18,0.116341
210,290,18,-0.061732
210,295,18,0.091409
210,300,17,-0.078646
215,220,63,-0.110758
215,225,44,0.138300
215,230,39,0.121717
215,235,39,0.187876
215,240,34,0.199884
215,245,34,0.170743
215,250,36,0.195080
215,255,34,0.057205
215,260,28,0.108592
215,265,31,0.099088
215,270,21,-0.069206
215,275,18,-0.114291
215,280,18,-0.084916
215,285,17,0.091626
215,290,18,-0.106168
215,295,17,-0.061867
215,300,17,-0.066217
220,225,59,0.255992
220,230,43,0.036886
220,235,41,0.200543
220,240,44,0.305059
220,245,41,-0.324977
220,250,37,-0.077370
220,255,36,0.010824
220,260,30,0.047402
220,265,27,-0.296092
220,270,23,-0.116006
220,275,18,0.099946
220,280,17,-0.074616
220,285,17,-0.065831
220,290,17,0.148211
220,295,17,-0.019676
220,300,18,0.144289
225,230,57,0.190429
225,235,44,-0.041037
225,240,43,0.135175
225,245,45,0.019267
225,250,39,-0.348231
225,255,39,-0.318224
225,260,34,-0.291810
225,265,30,-0.184747
225,270,21,0.108628
225,275,22,0.133212
225,280,17,0.130179
225,285,17,0.172839
225,290,17,0.186205
225,295,18,0.137823
225,300,18,-0.092100
230,235,54,0.113841
230,240,43,-0.037123
230,245,43,-0.097494
230,250,41,0.062044
230,255,35,0.038204
230,260,35,0.166055
230,265,31,0.265449
230,270,22,0.115680
230,275,20,0.365239
230,280,22,-0.043422
230,285,17,-0.087708
230,290,18,-0.060527
230,295,18,-0.066200
230,300,18,-0.052127
235,240,55,0.239085
235,245,43,0.477197
235,250,39,0.074209
235,255,38,0.546013
235,260,36,0.292749
235,265,32,0.230613
235,270,25,0.045963
235,275,25,-0.073197
235,280,21,-0.100788
235,285,23,-0.074591
235,290,18,-0.113263
235,295,18,-0.052462
235,300,18,-0.085210
240,245,54,0.258043
240,250,46,0.418674
240,255,42,0.048617
240,260,34,0.184818
240,265,30,0.068505
240,270,28,0.111596
240,275,26,0.023999
240,280,24,-0.070623
240,285,21,-0.139746
240,290,24,-0.094979
240,295,24,-0.099156
240,300,21,-0.130589
245,250,51,0.060804
245,255,44,-0.004664
245,260,37,-0.034922
245,265,32,-0.117253
245,270,29,-0.065166
245,275,29,-0.010831
245,280,25,0.127318
245,285,24,-0.088071
245,290,24,-0.119944
245,295,24,-0.401115
245,300,24,-0.428369
250,255,56,-0.094939
250,260,41,-0.019051
250,265,35,-0.034129
250,270,31,-0.006215
250,275,28,-0.016344
250,280,27,0.018723
250,285,26,0.034612
250,290,24,-0.395603
250,295,24,-0.375656
250,300,24,0.033374
255,260,55,-0.159512
255,265,43,-0.144467
255,270,35,-0.186343
255,275,32,-0.148819
255,280,33,-0.356472
255,285,29,-0.005614
255,290,26,0.148106
255,295,24,0.048470
255,300,26,0.129909
260,265,60,-0.289036
260,270,37,-0.290542
260,275,32,-0.027853
260,280,33,-0.098352
260,285,32,0.117162
260,290,29,0.171902
260,295,25,0.106611
260,300,26,0.096476
265,270,55,-0.229898
265,275,37,-0.032050
265,280,31,-0.050293
265,285,30,0.002276
265,290,32,-0.145528
265,295,30,-0.033886
265,300,26,-0.001887
270,275,54,-0.497350
270,280,38,-0.159977
270,285,32,-0.084147
270,290,32,-0.357626
270,295,33,-0.267570
270,300,31,-0.250154
275,280,53,-0.295761
275,285,40,-0.337936
275,290,32,-0.036289
275,295,33,-0.077724
275,300,32,-0.051969
280,285,55,-0.190833
280,290,51,-0.397723
280,295,32,-0.178847
280,300,32,-0.141202
285,290,60,0.076074
285,295,51,-0.699427
285,300,38,-0.558078
290,295,59,-0.363119
290,300,50,-0.213953
295,300,62,-0.407012
