short_SMA,long_SMA,trades,sharpe_ratio
10,15,191,0.053469
10,20,130,-0.022548
10,25,110,-0.038744
10,30,96,-0.075800
10,35,85,0.044453
10,40,81,-0.100053
10,45,73,0.100043
10,50,71,0.150466
10,55,65,0.059632
10,60,63,0.149024
10,65,70,0.235700
10,70,66,0.249014
10,75,50,0.392400
10,80,42,0.517768
10,85,42,0.542898
10,90,42,0.453740
10,95,40,0.373138
10,100,38,0.448381
10,105,38,0.367376
10,110,34,0.374335
10,115,32,0.425257
10,120,34,0.395750
10,125,34,0.350433
10,130,40,0.353085
10,135,32,0.358883
10,140,34,0.365999
10,145,32,0.385319
10,150,30,0.363000
10,155,30,0.340714
10,160,32,0.345444
10,165,32,0.323107
10,170,34,0.422264
10,175,28,0.433880
10,180,30,0.423941
10,185,28,0.440540
10,190,24,0.470151
10,195,24,0.462240
10,200,24,0.480467
10,205,20,0.482694
10,210,18,0.398357
10,215,18,0.398357
10,220,18,0.394258
10,225,16,0.356747
10,230,16,0.356747
10,235,16,0.360330
10,240,18,0.346778
10,245,18,0.342932
10,250,20,0.314195
10,255,20,0.298572
10,260,18,0.302335
10,265,18,0.312615
10,270,20,0.278933
10,275,20,0.242910
10,280,20,0.287347
10,285,20,0.315786
10,290,20,0.319800
10,295,18,0.319800
10,300,18,0.339753
15,20,150,-0.021670
15,25,114,0.099239
15,30,96,0.103110
15,35,78,0.270330
15,40,71,0.368238
15,45,64,0.347661
15,50,58,0.366272
15,55,56,0.379088
15,60,56,0.387132
15,65,52,0.429515
15,70,48,0.533360
15,75,44,0.468855
15,80,42,0.433025
15,85,40,0.343334
15,90,38,0.335861
15,95,38,0.366290
15,100,32,0.336977
15,105,32,0.310428
15,110,28,0.253943
15,115,28,0.129296
15,120,28,0.169054
15,125,28,0.149487
15,130,26,0.170791
15,135,24,0.214240
15,140,22,0.223968
15,145,24,0.243879
15,150,24,0.258936
15,155,26,0.232053
15,160,26,0.201206
15,165,24,0.259376
15,170,22,0.323251
15,175,22,0.343567
15,180,18,0.301215
15,185,18,0.290291
15,190,22,0.290291
15,195,16,0.290291
15,200,16,0.327625
15,205,16,0.333022
15,210,16,0.330140
15,215,16,0.328828
15,220,16,0.328828
15,225,16,0.329697
15,230,16,0.165665
15,235,16,0.181979
15,240,16,0.201180
15,245,16,0.201180
15,250,16,0.210593
15,255,16,0.210593
15,260,16,0.237760
15,265,16,0.245992
15,270,16,0.248763
15,275,16,0.224457
15,280,14,0.221228
15,285,14,0.221228
15,290,14,0.242840
15,295,16,0.205075
15,300,14,0.190670
20,25,122,0.253522
20,30,97,0.388476
20,35,77,0.409730
20,40,71,0.384350
20,45,60,0.501237
20,50,54,0.446784
20,55,52,0.509239
20,60,44,0.593123
20,65,42,0.561963
20,70,42,0.352988
20,75,40,0.212679
20,80,38,0.303071
20,85,34,0.158404
20,90,34,0.089762
20,95,34,0.138463
20,100,32,0.136125
20,105,28,0.100603
20,110,28,0.126897
20,115,28,0.048644
20,120,26,-0.028294
20,125,24,0.044549
20,130,22,0.101859
20,135,22,0.022405
20,140,20,-0.019741
20,145,20,-0.005165
20,150,20,0.000344
20,155,20,0.048802
20,160,22,0.088041
20,165,20,0.105180
20,170,16,0.103313
20,175,18,0.116758
20,180,18,0.238758
20,185,16,0.238758
20,190,16,0.238758
20,195,16,0.246716
20,200,16,0.247151
20,205,16,0.246137
20,210,16,0.256911
20,215,16,0.264787
20,220,16,0.122157
20,225,16,0.137587
20,230,16,0.152474
20,235,16,0.159211
20,240,16,0.142923
20,245,18,0.143356
20,250,16,0.138460
20,255,14,0.128656
20,260,14,0.128656
20,265,14,0.138296
20,270,14,0.157246
20,275,14,0.134350
20,280,14,0.145272
20,285,14,0.143529
20,290,12,0.173285
20,295,12,0.158038
20,300,12,0.171675
25,30,119,0.541387
25,35,89,0.190153
25,40,71,0.248558
25,45,61,0.420473
25,50,52,0.442379
25,55,50,0.411831
25,60,42,0.334841
25,65,40,0.357342
25,70,40,0.255259
25,75,40,0.121022
25,80,38,0.204462
25,85,34,0.201215
25,90,32,0.110857
25,95,28,0.028040
25,100,28,0.000610
25,105,30,-0.220785
25,110,30,-0.208315
25,115,28,-0.159760
25,120,26,-0.135133
25,125,22,0.016187
25,130,22,0.074671
25,135,20,0.223680
25,140,20,0.255283
25,145,18,0.166628
25,150,16,0.125742
25,155,16,0.131130
25,160,16,0.085059
25,165,18,0.119134
25,170,16,0.188093
25,175,16,0.198972
25,180,16,0.199692
25,185,14,0.258709
25,190,14,0.246587
25,195,14,0.266601
25,200,16,0.266601
25,205,16,0.274174
25,210,16,0.180117
25,215,16,0.172823
25,220,16,0.146765
25,225,16,0.177212
25,230,16,0.169850
25,235,16,0.188053
25,240,16,0.181232
25,245,16,0.134744
25,250,14,0.134744
25,255,14,0.116857
25,260,14,0.088812
25,265,14,0.081919
25,270,14,0.081919
25,275,12,0.080272
25,280,12,0.049424
25,285,12,0.043003
25,290,12,0.045481
25,295,10,0.020112
25,300,10,-0.025859
30,35,103,0.096263
30,40,73,0.386835
30,45,61,0.408463
30,50,50,0.315143
30,55,46,0.296953
30,60,44,0.347471
30,65,42,0.067835
30,70,38,0.236953
30,75,38,0.289142
30,80,34,0.271892
30,85,30,0.143347
30,90,30,0.134663
30,95,26,-0.062787
30,100,26,-0.115241
30,105,26,-0.175311
30,110,26,-0.009338
30,115,24,0.009065
30,120,24,0.000341
30,125,20,0.007939
30,130,18,0.082818
30,135,18,0.125610
30,140,16,0.169960
30,145,16,0.188844
30,150,16,0.184128
30,155,16,0.152809
30,160,16,0.156302
30,165,16,0.120592
30,170,16,0.094651
30,175,16,0.152872
30,180,14,0.168999
30,185,14,0.166458
30,190,14,0.165593
30,195,12,0.158824
30,200,12,0.082797
30,205,12,0.127232
30,210,12,0.132115
30,215,12,0.127026
30,220,12,0.121438
30,225,12,0.140019
30,230,12,0.140019
30,235,14,0.103458
30,240,14,0.098234
30,245,14,0.096585
30,250,14,0.124807
30,255,14,0.155470
30,260,14,0.139292
30,265,14,0.138427
30,270,14,0.160365
30,275,12,0.119451
30,280,12,0.133903
30,285,10,0.095494
30,290,10,0.071787
30,295,10,-0.021840
30,300,10,-0.015301
35,40,95,0.388717
35,45,69,0.512228
35,50,61,0.462935
35,55,44,0.465300
35,60,44,0.317161
35,65,42,0.111154
35,70,40,0.274052
35,75,36,0.281069
35,80,32,0.284291
35,85,32,0.063921
35,90,24,0.037868
35,95,22,-0.009145
35,100,22,0.081478
35,105,24,0.003242
35,110,26,0.097036
35,115,24,0.071140
35,120,20,0.070757
35,125,18,0.144053
35,130,16,0.171621
35,135,16,0.087692
35,140,16,0.025892
35,145,16,0.001191
35,150,16,-0.003439
35,155,16,-0.007651
35,160,16,0.060940
35,165,16,0.051327
35,170,16,0.086155
35,175,14,0.108484
35,180,12,0.131358
35,185,12,0.024304
35,190,12,0.027146
35,195,12,0.016925
35,200,12,0.016925
35,205,12,-0.031504
35,210,12,0.016725
35,215,12,-0.021106
35,220,12,0.020825
35,225,12,0.021672
35,230,10,0.026285
35,235,10,0.028695
35,240,10,-0.004879
35,245,10,-0.008977
35,250,12,-0.013357
35,255,12,-0.032207
35,260,14,0.105018
35,265,14,0.102639
35,270,14,0.100103
35,275,10,0.085927
35,280,10,0.079457
35,285,10,0.093579
35,290,10,0.100921
35,295,10,0.111072
35,300,10,0.133976
40,45,87,0.383249
40,50,65,0.385543
40,55,49,0.247094
40,60,46,0.173992
40,65,42,0.070759
40,70,42,-0.062143
40,75,32,-0.017532
40,80,28,0.162395
40,85,24,0.115224
40,90,22,0.049198
40,95,20,-0.058999
40,100,20,-0.041954
40,105,22,0.203953
40,110,16,0.187708
40,115,16,0.153215
40,120,18,0.141353
40,125,18,0.088576
40,130,18,0.037412
40,135,18,0.034241
40,140,16,0.055859
40,145,16,0.028574
40,150,16,-0.026835
40,155,16,-0.033966
40,160,16,-0.057444
40,165,16,-0.057844
40,170,16,-0.034302
40,175,12,-0.025866
40,180,12,-0.039539
40,185,12,-0.062646
40,190,12,-0.036130
40,195,12,-0.036130
40,200,12,-0.010941
40,205,12,-0.037776
40,210,12,0.115559
40,215,12,0.115266
40,220,12,0.072686
40,225,10,0.079148
40,230,10,0.061288
40,235,10,0.073709
40,240,10,0.071772
40,245,10,0.073848
40,250,10,0.071438
40,255,12,0.050875
40,260,10,0.069274
40,265,10,0.063032
40,270,12,0.153606
40,275,10,0.198307
40,280,10,0.200888
40,285,10,0.221951
40,290,10,0.222384
40,295,10,0.177843
40,300,10,0.189286
45,50,81,0.344380
45,55,59,0.123231
45,60,47,0.063909
45,65,44,-0.110137
45,70,36,0.077263
45,75,32,0.199870
45,80,26,-0.000488
45,85,22,-0.043510
45,90,20,-0.065275
45,95,20,0.011948
45,100,18,0.134497
45,105,18,-0.014437
45,110,16,0.077070
45,115,16,0.095718
45,120,16,-0.064454
45,125,18,-0.015235
45,130,16,0.041155
45,135,16,-0.017631
45,140,20,-0.106239
45,145,18,-0.180564
45,150,14,-0.156652
45,155,14,-0.171942
45,160,14,0.047941
45,165,14,0.044558
45,170,16,0.026239
45,175,12,0.067338
45,180,16,0.075785
45,185,12,0.068817
45,190,12,0.097056
45,195,12,0.108206
45,200,12,0.093267
45,205,12,0.104739
45,210,10,0.135801
45,215,10,0.227130
45,220,10,0.191903
45,225,10,0.184187
45,230,10,0.205557
45,235,10,0.183653
45,240,10,0.177231
45,245,10,0.211493
45,250,10,0.188488
45,255,12,0.157174
45,260,12,0.157174
45,265,10,0.202722
45,270,10,0.263134
45,275,10,0.243417
45,280,10,0.208162
45,285,10,0.227047
45,290,10,0.217924
45,295,10,0.158589
45,300,10,0.150423
50,55,82,-0.081259
50,60,54,-0.099280
50,65,44,-0.082374
50,70,38,0.042293
50,75,34,-0.005158
50,80,26,-0.024797
50,85,24,0.017059
50,90,20,0.028580
50,95,20,-0.049768
50,100,22,0.032581
50,105,18,0.011966
50,110,16,-0.000141
50,115,16,0.021034
50,120,16,-0.016040
50,125,14,-0.093338
50,130,14,-0.127479
50,135,14,0.002029
50,140,16,-0.064399
50,145,14,-0.029484
50,150,14,0.001542
50,155,14,0.033723
50,160,14,0.043140
50,165,14,0.142434
50,170,14,0.153727
50,175,12,0.204282
50,180,12,0.198022
50,185,12,0.196447
50,190,12,0.143026
50,195,10,0.127802
50,200,10,0.164771
50,205,10,0.122907
50,210,10,0.122907
50,215,10,0.183175
50,220,10,0.164653
50,225,10,0.157506
50,230,10,0.211182
50,235,10,0.223951
50,240,10,0.168455
50,245,10,0.182710
50,250,10,0.180122
50,255,12,0.195404
50,260,10,0.109342
50,265,10,0.093090
50,270,10,0.084695
50,275,10,0.050489
50,280,10,0.068772
50,285,10,0.115832
50,290,10,0.101557
50,295,10,0.115469
50,300,10,0.115414
55,60,78,-0.046273
55,65,56,0.181754
55,70,42,0.064517
55,75,38,0.096746
55,80,30,0.009529
55,85,24,-0.058778
55,90,22,-0.164725
55,95,20,-0.056916
55,100,20,-0.072242
55,105,18,-0.026302
55,110,18,0.002176
55,115,16,-0.042847
55,120,16,-0.011923
55,125,14,-0.021594
55,130,14,-0.014369
55,135,14,0.014650
55,140,14,0.010596
55,145,16,0.164586
55,150,14,0.232997
55,155,14,0.126605
55,160,14,0.097763
55,165,14,0.157491
55,170,14,0.098467
55,175,12,0.094717
55,180,12,0.072879
55,185,12,0.046621
55,190,12,0.044006
55,195,10,0.065781
55,200,10,0.048935
55,205,10,0.048652
55,210,10,-0.018673
55,215,10,0.006002
55,220,10,0.004307
55,225,10,0.059700
55,230,10,0.040273
55,235,10,0.031431
55,240,10,0.058282
55,245,10,0.063380
55,250,10,0.087611
55,255,10,0.061409
55,260,10,0.050328
55,265,10,0.074690
55,270,10,0.079475
55,275,10,0.071283
55,280,10,0.165907
55,285,10,0.146034
55,290,10,0.179700
55,295,10,0.144602
55,300,10,0.097270
60,65,76,-0.053674
60,70,50,-0.038023
60,75,40,0.134735
60,80,30,0.023930
60,85,28,-0.117745
60,90,26,-0.126567
60,95,22,-0.070618
60,100,20,-0.093639
60,105,20,-0.092403
60,110,18,0.004246
60,115,16,-0.038267
60,120,16,-0.021968
60,125,14,0.064276
60,130,14,0.051183
60,135,14,0.073049
60,140,14,0.082099
60,145,14,0.147613
60,150,14,0.222269
60,155,14,0.104291
60,160,14,0.087031
60,165,14,0.022064
60,170,12,-0.014542
60,175,12,-0.018443
60,180,12,-0.038866
60,185,12,-0.006834
60,190,10,-0.003876
60,195,10,0.013602
60,200,10,0.023771
60,205,10,0.034385
60,210,10,0.019854
60,215,10,0.008281
60,220,10,0.000354
60,225,10,0.088030
60,230,10,0.122046
60,235,10,0.123976
60,240,10,0.141755
60,245,10,0.147075
60,250,10,0.153527
60,255,10,0.147404
60,260,10,0.151644
60,265,10,0.121679
60,270,10,0.172537
60,275,10,0.156267
60,280,10,0.129490
60,285,10,0.173058
60,290,12,0.145849
60,295,10,0.133843
60,300,10,0.115825
65,70,62,-0.046433
65,75,48,-0.064419
65,80,36,-0.070763
65,85,30,-0.073118
65,90,26,-0.112415
65,95,26,-0.148565
65,100,20,-0.162146
65,105,20,-0.072382
65,110,18,0.004965
65,115,16,0.062131
65,120,16,0.056635
65,125,14,0.086284
65,130,14,0.053926
65,135,14,0.052807
65,140,14,0.068320
65,145,14,0.069474
65,150,14,0.003323
65,155,14,0.000637
65,160,14,0.016977
65,165,14,0.027050
65,170,12,-0.035609
65,175,12,-0.037685
65,180,12,-0.022726
65,185,10,-0.080483
65,190,10,-0.003305
65,195,10,0.000774
65,200,10,0.020206
65,205,10,0.029241
65,210,10,0.035461
65,215,10,0.023540
65,220,10,0.019441
65,225,10,0.084462
65,230,10,0.087093
65,235,10,0.153170
65,240,10,0.149898
65,245,10,0.161384
65,250,10,0.106503
65,255,10,0.116574
65,260,10,0.099676
65,265,10,0.084709
65,270,10,0.125944
65,275,10,0.107461
65,280,10,0.106542
65,285,10,0.044087
65,290,10,0.053100
65,295,10,0.105989
65,300,12,0.089383
70,75,62,-0.139739
70,80,44,-0.308925
70,85,38,-0.249017
70,90,28,-0.068134
70,95,28,-0.183617
70,100,24,-0.132752
70,105,20,-0.112988
70,110,20,0.096143
70,115,16,0.096117
70,120,16,0.173940
70,125,16,0.101129
70,130,14,-0.014691
70,135,14,0.009039
70,140,14,-0.009990
70,145,14,-0.066262
70,150,14,-0.044751
70,155,14,-0.004383
70,160,14,0.099931
70,165,14,0.125181
70,170,14,0.150882
70,175,12,0.171029
70,180,10,0.128899
70,185,10,0.142778
70,190,12,0.120472
70,195,8,0.153358
70,200,8,0.153358
70,205,8,0.172550
70,210,8,0.189790
70,215,8,0.156036
70,220,8,0.145198
70,225,8,0.200450
70,230,8,0.208638
70,235,8,0.152170
70,240,8,0.152743
70,245,8,0.200112
70,250,8,0.184221
70,255,8,0.175217
70,260,10,0.166820
70,265,10,0.196404
70,270,10,0.175594
70,275,10,0.125245
70,280,10,0.093007
70,285,10,0.062529
70,290,10,-0.005606
70,295,10,0.007286
70,300,10,0.082422
75,80,54,-0.216350
75,85,42,-0.108334
75,90,38,-0.191119
75,95,30,-0.206254
75,100,26,-0.006883
75,105,22,0.040763
75,110,22,0.092571
75,115,16,0.057812
75,120,16,-0.014624
75,125,16,-0.049561
75,130,14,-0.021306
75,135,14,-0.038764
75,140,14,-0.046439
75,145,14,0.067994
75,150,14,0.122069
75,155,14,0.116818
75,160,14,0.157794
75,165,14,0.092452
75,170,18,0.131600
75,175,10,0.112407
75,180,8,0.171830
75,185,8,0.162842
75,190,8,0.164996
75,195,8,0.123059
75,200,8,0.123059
75,205,8,0.133176
75,210,8,0.097450
75,215,8,0.104428
75,220,8,0.093637
75,225,8,0.114827
75,230,8,0.142975
75,235,10,0.096625
75,240,8,0.137116
75,245,8,0.099719
75,250,8,0.101214
75,255,8,0.068857
75,260,8,0.038729
75,265,8,0.075005
75,270,8,0.084666
75,275,8,0.067378
75,280,8,0.139574
75,285,8,0.139574
75,290,8,0.155786
75,295,8,0.165108
75,300,8,0.192238
80,85,56,-0.342998
80,90,40,-0.266013
80,95,34,-0.128443
80,100,28,-0.003689
80,105,24,-0.003648
80,110,20,0.074442
80,115,16,0.000000
80,120,16,0.006933
80,125,16,-0.022542
80,130,18,0.123348
80,135,14,0.178691
80,140,14,0.188207
80,145,14,0.213799
80,150,14,0.179932
80,155,14,0.135786
80,160,14,0.033078
80,165,14,0.102136
80,170,10,0.076382
80,175,10,0.142088
80,180,8,0.108382
80,185,8,0.122598
80,190,8,0.066758
80,195,8,0.144821
80,200,8,0.152600
80,205,8,0.155498
80,210,8,0.127626
80,215,8,0.140960
80,220,8,0.094363
80,225,8,0.105649
80,230,8,0.136496
80,235,8,0.128021
80,240,8,0.120112
80,245,8,0.124028
80,250,8,0.118844
80,255,8,0.112434
80,260,8,0.141480
80,265,8,0.146135
80,270,8,0.171169
80,275,8,0.167657
80,280,8,0.197214
80,285,8,0.243791
80,290,8,0.263079
80,295,8,0.227104
80,300,8,0.169494
85,90,52,-0.027470
85,95,42,-0.082761
85,100,32,-0.131314
85,105,28,0.078285
85,110,22,0.016320
85,115,18,-0.023696
85,120,16,0.104081
85,125,16,0.175854
85,130,16,0.160753
85,135,18,0.217212
85,140,14,0.142377
85,145,16,0.116335
85,150,18,0.124937
85,155,14,0.065610
85,160,14,-0.035332
85,165,12,-0.000140
85,170,10,0.010738
85,175,10,0.018524
85,180,8,0.068163
85,185,8,0.111967
85,190,8,0.122109
85,195,8,0.097008
85,200,8,0.103152
85,205,8,0.100380
85,210,8,0.091404
85,215,8,0.101546
85,220,8,0.088902
85,225,8,0.097288
85,230,8,0.112066
85,235,8,0.133667
85,240,8,0.125866
85,245,8,0.159578
85,250,8,0.118654
85,255,8,0.146248
85,260,8,0.122248
85,265,8,0.148690
85,270,8,0.144170
85,275,8,0.151243
85,280,8,0.127906
85,285,8,0.128193
85,290,8,0.122310
85,295,8,0.131703
85,300,8,0.162177
90,95,54,-0.090649
90,100,40,-0.075023
90,105,28,-0.034539
90,110,26,0.017932
90,115,24,0.064332
90,120,16,0.091766
90,125,16,0.102118
90,130,16,0.133882
90,135,16,0.110803
90,140,16,0.089214
90,145,16,0.117501
90,150,14,0.094261
90,155,16,0.065852
90,160,12,-0.032420
90,165,12,-0.104650
90,170,10,0.036597
90,175,10,0.052602
90,180,8,0.104207
90,185,8,0.135898
90,190,8,0.152765
90,195,8,0.150520
90,200,8,0.112201
90,205,8,0.112201
90,210,8,0.112119
90,215,8,0.099440
90,220,8,0.107691
90,225,8,0.172751
90,230,8,0.131741
90,235,8,0.142976
90,240,8,0.136918
90,245,8,0.080905
90,250,8,0.109932
90,255,8,0.131549
90,260,8,0.104619
90,265,8,0.111958
90,270,8,0.117132
90,275,8,0.138671
90,280,8,0.151970
90,285,8,0.168094
90,290,8,0.193188
90,295,8,0.195237
90,300,8,0.193000
95,100,58,-0.144842
95,105,32,-0.021480
95,110,32,0.030710
95,115,24,-0.004767
95,120,20,0.102252
95,125,16,0.081037
95,130,16,0.124865
95,135,16,0.097435
95,140,16,0.165230
95,145,16,0.144692
95,150,16,0.061072
95,155,14,-0.027583
95,160,14,-0.044211
95,165,12,0.032407
95,170,10,0.084340
95,175,10,0.114851
95,180,8,0.132424
95,185,8,0.165163
95,190,8,0.091941
95,195,8,0.132082
95,200,8,0.135737
95,205,8,0.143103
95,210,8,0.133386
95,215,8,0.131949
95,220,8,0.143117
95,225,8,0.126949
95,230,8,0.161100
95,235,8,0.161100
95,240,8,0.171694
95,245,8,0.217370
95,250,8,0.223515
95,255,8,0.217245
95,260,8,0.176932
95,265,8,0.183395
95,270,8,0.195228
95,275,8,0.205773
95,280,8,0.161679
95,285,8,0.176131
95,290,8,0.198343
95,295,8,0.233854
95,300,8,0.237543
100,105,48,-0.016299
100,110,32,0.044096
100,115,24,0.159166
100,120,20,0.129237
100,125,22,0.128933
100,130,16,0.039640
100,135,16,0.063347
100,140,16,0.027225
100,145,16,0.050168
100,150,16,0.078573
100,155,16,0.085444
100,160,14,0.070059
100,165,18,0.211530
100,170,10,0.161716
100,175,10,0.142005
100,180,10,0.074092
100,185,8,0.111062
100,190,8,0.133371
100,195,8,0.159122
100,200,8,0.157422
100,205,8,0.153286
100,210,8,0.162337
100,215,8,0.155706
100,220,8,0.174737
100,225,8,0.174303
100,230,8,0.205064
100,235,8,0.208081
100,240,8,0.164611
100,245,8,0.169719
100,250,8,0.189908
100,255,8,0.200822
100,260,8,0.200607
100,265,8,0.261266
100,270,8,0.284420
100,275,8,0.282153
100,280,8,0.270025
100,285,8,0.277399
100,290,8,0.261127
100,295,8,0.310728
100,300,8,0.313195
105,110,46,0.180063
105,115,26,0.132387
105,120,24,0.105535
105,125,20,0.047312
105,130,20,0.133068
105,135,16,0.158081
105,140,16,0.109767
105,145,16,0.091594
105,150,16,0.118332
105,155,16,0.114539
105,160,16,0.131934
105,165,16,0.155026
105,170,12,0.125484
105,175,12,0.078592
105,180,10,0.086864
105,185,8,0.158159
105,190,8,0.182124
105,195,8,0.164894
105,200,8,0.083355
105,205,8,0.080212
105,210,8,0.123079
105,215,8,0.129976
105,220,8,0.140635
105,225,8,0.161142
105,230,8,0.174222
105,235,8,0.201710
105,240,8,0.201143
105,245,8,0.218572
105,250,8,0.268117
105,255,8,0.271113
105,260,8,0.269037
105,265,8,0.285954
105,270,8,0.280684
105,275,8,0.323681
105,280,8,0.331001
105,285,8,0.345248
105,290,8,0.341117
105,295,8,0.325987
105,300,8,0.368209
110,115,42,0.103132
110,120,28,0.053513
110,125,24,0.063618
110,130,20,0.107967
110,135,18,0.107570
110,140,16,0.088403
110,145,16,0.062264
110,150,16,0.063372
110,155,16,0.037757
110,160,16,0.006884
110,165,16,0.027293
110,170,12,0.118713
110,175,12,0.101434
110,180,12,0.204426
110,185,10,0.114069
110,190,8,0.084011
110,195,8,0.101360
110,200,8,0.146099
110,205,8,0.205260
110,210,8,0.241216
110,215,8,0.214583
110,220,8,0.216483
110,225,8,0.204166
110,230,8,0.219348
110,235,8,0.221473
110,240,8,0.273743
110,245,8,0.249628
110,250,8,0.256924
110,255,8,0.311605
110,260,8,0.308262
110,265,8,0.306603
110,270,8,0.325116
110,275,8,0.357174
110,280,8,0.444468
110,285,8,0.450096
110,290,8,0.425246
110,295,8,0.413406
110,300,8,0.432454
115,120,38,0.056945
115,125,36,0.003441
115,130,24,0.056292
115,135,20,0.004535
115,140,16,0.021877
115,145,16,0.045586
115,150,18,0.077528
115,155,16,0.020663
115,160,16,0.069238
115,165,18,0.070140
115,170,12,0.147499
115,175,12,0.199083
115,180,12,0.182156
115,185,10,0.135148
115,190,10,0.214947
115,195,8,0.337166
115,200,10,0.310229
115,205,10,0.317964
115,210,8,0.292712
115,215,8,0.308764
115,220,8,0.345918
115,225,8,0.299840
115,230,8,0.263514
115,235,8,0.270115
115,240,8,0.265300
115,245,8,0.283459
115,250,8,0.324032
115,255,8,0.346737
115,260,8,0.374671
115,265,8,0.303858
115,270,8,0.361323
115,275,8,0.363471
115,280,8,0.242794
115,285,8,0.234982
115,290,8,0.281739
115,295,8,0.300100
115,300,8,0.307734
120,125,36,0.128506
120,130,32,0.272266
120,135,26,0.223857
120,140,18,0.130046
120,145,18,-0.002207
120,150,16,0.184375
120,155,18,0.144059
120,160,16,0.130639
120,165,16,0.175521
120,170,18,0.174461
120,175,16,0.246459
120,180,12,0.207194
120,185,10,0.235162
120,190,10,0.320083
120,195,10,0.298707
120,200,12,0.299173
120,205,10,0.306652
120,210,10,0.336896
120,215,8,0.323196
120,220,8,0.373512
120,225,8,0.358121
120,230,8,0.317792
120,235,8,0.420593
120,240,8,0.381189
120,245,8,0.389657
120,250,8,0.387302
120,255,8,0.474899
120,260,8,0.421958
120,265,8,0.363189
120,270,8,0.400754
120,275,8,0.422398
120,280,8,0.352486
120,285,8,0.333848
120,290,8,0.358825
120,295,8,0.363727
120,300,8,0.393230
125,130,34,0.148598
125,135,28,0.079286
125,140,22,0.167966
125,145,18,0.175385
125,150,16,0.193360
125,155,16,0.141522
125,160,16,0.173817
125,165,16,0.210022
125,170,18,0.204151
125,175,14,0.159082
125,180,12,0.203986
125,185,10,0.257784
125,190,10,0.291135
125,195,10,0.349795
125,200,10,0.316502
125,205,10,0.348282
125,210,12,0.330890
125,215,8,0.444206
125,220,8,0.357037
125,225,8,0.382056
125,230,8,0.370895
125,235,8,0.359329
125,240,8,0.342086
125,245,8,0.329864
125,250,8,0.355561
125,255,8,0.362759
125,260,8,0.379181
125,265,8,0.388575
125,270,8,0.354033
125,275,8,0.355632
125,280,8,0.348560
125,285,8,0.336756
125,290,8,0.360115
125,295,8,0.376085
125,300,8,0.396134
130,135,36,0.011025
130,140,26,0.212762
130,145,20,0.207355
130,150,16,0.187966
130,155,16,0.113497
130,160,16,0.185994
130,165,16,0.272659
130,170,16,0.302449
130,175,14,0.253303
130,180,20,0.301701
130,185,10,0.346756
130,190,10,0.372843
130,195,10,0.364859
130,200,10,0.381293
130,205,10,0.490910
130,210,10,0.370769
130,215,10,0.475690
130,220,8,0.454780
130,225,8,0.484709
130,230,8,0.501941
130,235,8,0.503128
130,240,8,0.457948
130,245,8,0.493824
130,250,8,0.434596
130,255,8,0.420298
130,260,8,0.412282
130,265,8,0.430581
130,270,8,0.345667
130,275,8,0.394088
130,280,8,0.413772
130,285,8,0.414747
130,290,8,0.422169
130,295,8,0.428209
130,300,8,0.402251
135,140,36,0.184499
135,145,26,0.084773
135,150,18,0.182203
135,155,18,0.281916
135,160,16,0.221837
135,165,16,0.389294
135,170,14,0.304725
135,175,14,0.306654
135,180,16,0.272690
135,185,12,0.336476
135,190,12,0.358263
135,195,10,0.390256
135,200,10,0.421631
135,205,10,0.273934
135,210,10,0.366297
135,215,10,0.350513
135,220,10,0.405976
135,225,10,0.365484
135,230,8,0.342093
135,235,8,0.406575
135,240,8,0.457371
135,245,8,0.412255
135,250,8,0.417911
135,255,8,0.381881
135,260,8,0.361543
135,265,8,0.384423
135,270,8,0.380871
135,275,8,0.421366
135,280,8,0.412956
135,285,8,0.438223
135,290,8,0.435711
135,295,8,0.483637
135,300,8,0.472498
140,145,34,0.189149
140,150,24,0.178762
140,155,18,0.166566
140,160,18,0.221702
140,165,16,0.363028
140,170,14,0.288632
140,175,14,0.346870
140,180,14,0.372992
140,185,14,0.218080
140,190,12,0.254557
140,195,12,0.314105
140,200,10,0.330944
140,205,10,0.245296
140,210,10,0.332868
140,215,8,0.350344
140,220,8,0.375519
140,225,8,0.417276
140,230,8,0.429490
140,235,8,0.441154
140,240,10,0.377172
140,245,8,0.394849
140,250,8,0.454926
140,255,8,0.433189
140,260,8,0.393074
140,265,8,0.416760
140,270,8,0.422367
140,275,8,0.443574
140,280,8,0.476809
140,285,8,0.429335
140,290,8,0.468847
140,295,8,0.443923
140,300,8,0.443688
145,150,30,0.218327
145,155,22,0.225104
145,160,18,0.335382
145,165,16,0.321581
145,170,16,0.326747
145,175,14,0.323310
145,180,14,0.287859
145,185,14,0.245972
145,190,14,0.250425
145,195,12,0.239155
145,200,12,0.173937
145,205,12,0.276091
145,210,10,0.302747
145,215,10,0.308005
145,220,8,0.364744
145,225,8,0.361021
145,230,8,0.357208
145,235,8,0.355431
145,240,8,0.417035
145,245,8,0.368020
145,250,12,0.340602
145,255,8,0.376999
145,260,8,0.369018
145,265,8,0.385581
145,270,8,0.355118
145,275,8,0.350689
145,280,8,0.384364
145,285,8,0.366725
145,290,8,0.421365
145,295,8,0.463141
145,300,8,0.465971
150,155,30,0.379963
150,160,24,0.315405
150,165,18,0.390967
150,170,14,0.307542
150,175,14,0.197126
150,180,16,0.184846
150,185,14,0.248252
150,190,14,0.269179
150,195,12,0.150627
150,200,12,0.265910
150,205,12,0.316292
150,210,12,0.368146
150,215,10,0.382666
150,220,8,0.419367
150,225,8,0.447590
150,230,8,0.458590
150,235,8,0.470534
150,240,8,0.496240
150,245,8,0.484216
150,250,8,0.460216
150,255,8,0.515143
150,260,12,0.497540
150,265,8,0.460302
150,270,8,0.464056
150,275,8,0.481500
150,280,8,0.468188
150,285,8,0.465106
150,290,8,0.473060
150,295,8,0.420039
150,300,8,0.395458
155,160,28,0.341666
155,165,22,0.180748
155,170,18,0.272539
155,175,14,0.232622
155,180,14,0.231886
155,185,14,0.217936
155,190,14,0.250441
155,195,14,0.262546
155,200,12,0.357482
155,205,12,0.383393
155,210,12,0.438512
155,215,12,0.409819
155,220,10,0.466744
155,225,8,0.480802
155,230,8,0.499283
155,235,8,0.469623
155,240,8,0.513593
155,245,8,0.541747
155,250,8,0.540621
155,255,8,0.520411
155,260,8,0.490884
155,265,8,0.519566
155,270,8,0.523455
155,275,8,0.497405
155,280,8,0.507529
155,285,8,0.510841
155,290,8,0.543458
155,295,8,0.583928
155,300,8,0.509024
160,165,30,0.239257
160,170,20,0.299876
160,175,16,0.293328
160,180,14,0.208911
160,185,14,0.256043
160,190,14,0.244222
160,195,14,0.412783
160,200,12,0.473391
160,205,12,0.512131
160,210,12,0.505049
160,215,12,0.548504
160,220,12,0.522765
160,225,8,0.547331
160,230,8,0.568878
160,235,8,0.584928
160,240,8,0.603734
160,245,8,0.611090
160,250,8,0.604128
160,255,8,0.629233
160,260,8,0.694239
160,265,8,0.732745
160,270,8,0.753636
160,275,8,0.747135
160,280,8,0.611116
160,285,8,0.539337
160,290,8,0.546263
160,295,8,0.482857
160,300,8,0.460955
165,170,32,0.306724
165,175,22,0.197802
165,180,18,0.323567
165,185,14,0.411926
165,190,14,0.361812
165,195,14,0.378457
165,200,16,0.477020
165,205,12,0.449810
165,210,12,0.411092
165,215,12,0.423994
165,220,12,0.471810
165,225,10,0.493318
165,230,8,0.521662
165,235,8,0.540463
165,240,8,0.527869
165,245,8,0.530554
165,250,8,0.599881
165,255,8,0.630408
165,260,8,0.659454
165,265,8,0.626973
165,270,8,0.627653
165,275,8,0.639950
165,280,10,0.647692
165,285,8,0.644458
165,290,8,0.663316
165,295,8,0.627743
165,300,8,0.641953
170,175,28,0.251004
170,180,24,0.337709
170,185,18,0.360136
170,190,18,0.380793
170,195,16,0.472807
170,200,16,0.393464
170,205,14,0.375316
170,210,12,0.375922
170,215,12,0.435363
170,220,12,0.502957
170,225,10,0.472770
170,230,10,0.476322
170,235,8,0.494558
170,240,8,0.578805
170,245,8,0.584981
170,250,8,0.646013
170,255,8,0.624107
170,260,8,0.597218
170,265,8,0.540079
170,270,8,0.569910
170,275,8,0.587579
170,280,8,0.560586
170,285,8,0.482131
170,290,8,0.573999
170,295,8,0.558976
170,300,8,0.564849
175,180,28,0.513169
175,185,24,0.395152
175,190,18,0.430237
175,195,18,0.428728
175,200,16,0.447196
175,205,18,0.482079
175,210,14,0.409736
175,215,12,0.445519
175,220,12,0.468701
175,225,16,0.482256
175,230,10,0.521989
175,235,10,0.612674
175,240,8,0.548007
175,245,8,0.555370
175,250,8,0.576560
175,255,8,0.593732
175,260,8,0.549147
175,265,8,0.507002
175,270,8,0.552594
175,275,8,0.476093
175,280,8,0.517376
175,285,8,0.485074
175,290,8,0.626051
175,295,8,0.597115
175,300,8,0.535200
180,185,28,0.471704
180,190,22,0.504124
180,195,18,0.458662
180,200,20,0.495867
180,205,16,0.564425
180,210,16,0.492490
180,215,12,0.417184
180,220,12,0.463540
180,225,12,0.572018
180,230,12,0.565923
180,235,10,0.519863
180,240,10,0.513541
180,245,8,0.576434
180,250,8,0.481337
180,255,8,0.492906
180,260,8,0.457222
180,265,8,0.540536
180,270,8,0.540987
180,275,8,0.509485
180,280,8,0.540703
180,285,8,0.609513
180,290,8,0.619975
180,295,8,0.554570
180,300,8,0.493168
185,190,30,0.614866
185,195,22,0.569009
185,200,18,0.513342
185,205,20,0.509009
185,210,16,0.410760
185,215,16,0.461848
185,220,12,0.601400
185,225,12,0.592677
185,230,14,0.541362
185,235,10,0.515924
185,240,10,0.574197
185,245,10,0.486959
185,250,8,0.437688
185,255,8,0.516952
185,260,8,0.520751
185,265,8,0.480245
185,270,8,0.490312
185,275,8,0.517690
185,280,8,0.518978
185,285,8,0.538043
185,290,8,0.517482
185,295,8,0.367829
185,300,8,0.393745
190,195,32,0.590537
190,200,24,0.471712
190,205,18,0.458294
190,210,20,0.388269
190,215,16,0.477718
190,220,14,0.529798
190,225,12,0.535056
190,230,12,0.535245
190,235,10,0.518557
190,240,10,0.473741
190,245,10,0.429056
190,250,10,0.522404
190,255,8,0.471241
190,260,8,0.457289
190,265,8,0.490220
190,270,8,0.527027
190,275,8,0.497138
190,280,8,0.468640
190,285,8,0.318177
190,290,8,0.318729
190,295,8,0.338100
190,300,8,0.420931
195,200,36,0.480647
195,205,24,0.365682
195,210,18,0.445756
195,215,18,0.462751
195,220,16,0.620525
195,225,14,0.540337
195,230,14,0.550196
195,235,12,0.496526
195,240,10,0.515280
195,245,12,0.571193
195,250,12,0.503775
195,255,10,0.523170
195,260,8,0.566203
195,265,8,0.462804
195,270,8,0.425523
195,275,8,0.383681
195,280,8,0.309055
195,285,8,0.381333
195,290,8,0.421934
195,295,8,0.413332
195,300,8,0.476459
200,205,36,0.464614
200,210,32,0.460318
200,215,18,0.648066
200,220,16,0.550458
200,225,16,0.578654
200,230,14,0.504715
200,235,14,0.473628
200,240,10,0.504813
200,245,12,0.520582
200,250,12,0.450340
200,255,12,0.325149
200,260,12,0.358279
200,265,10,0.387838
200,270,8,0.326130
200,275,8,0.268511
200,280,8,0.341817
200,285,8,0.433820
200,290,8,0.463074
200,295,8,0.470535
200,300,8,0.492134
205,210,42,0.422447
205,215,28,0.408700
205,220,22,0.358770
205,225,20,0.487111
205,230,14,0.452733
205,235,14,0.455072
205,240,16,0.583051
205,245,14,0.533098
205,250,12,0.376428
205,255,12,0.247539
205,260,12,0.308943
205,265,12,0.184541
205,270,12,0.192260
205,275,10,0.323154
205,280,8,0.398607
205,285,8,0.480924
205,290,8,0.471731
205,295,8,0.512088
205,300,8,0.578532
210,215,34,0.317451
210,220,28,0.441074
210,225,22,0.337201
210,230,20,0.447278
210,235,16,0.559570
210,240,14,0.696967
210,245,14,0.367436
210,250,12,0.354340
210,255,12,0.238473
210,260,12,0.170876
210,265,12,0.167319
210,270,12,0.217969
210,275,12,0.291425
210,280,10,0.435478
210,285,8,0.438704
210,290,8,0.504131
210,295,8,0.572197
210,300,8,0.542669
215,220,40,0.297902
215,225,30,0.347839
215,230,24,0.502471
215,235,18,0.469022
215,240,16,0.540383
215,245,14,0.445362
215,250,14,0.319075
215,255,12,0.031379
215,260,12,0.070067
215,265,12,0.186543
215,270,12,0.238908
215,275,12,0.353131
215,280,14,0.327856
215,285,10,0.409913
215,290,10,0.594941
215,295,8,0.531807
215,300,8,0.558626
220,225,38,0.288879
220,230,28,0.242011
220,235,22,0.426846
220,240,18,0.414935
220,245,16,0.344750
220,250,12,0.273459
220,255,12,0.286732
220,260,12,0.140631
220,265,12,0.278893
220,270,12,0.236045
220,275,12,0.373541
220,280,14,0.408768
220,285,12,0.483575
220,290,12,0.482460
220,295,10,0.545375
220,300,8,0.593106
225,230,38,0.403216
225,235,26,0.419703
225,240,22,0.471371
225,245,14,0.390283
225,250,14,0.373267
225,255,12,0.396302
225,260,12,0.373025
225,265,12,0.238092
225,270,12,0.339268
225,275,12,0.417233
225,280,12,0.432141
225,285,14,0.466558
225,290,12,0.479049
225,295,12,0.561311
225,300,10,0.516470
230,235,40,0.438850
230,240,24,0.419102
230,245,18,0.346211
230,250,14,0.416542
230,255,14,0.369992
230,260,12,0.336585
230,265,12,0.304516
230,270,12,0.325078
230,275,12,0.363952
230,280,12,0.379124
230,285,12,0.448426
230,290,12,0.454203
230,295,12,0.507049
230,300,10,0.526481
235,240,36,0.257586
235,245,24,0.368496
235,250,18,0.414707
235,255,14,0.383216
235,260,14,0.373923
235,265,12,0.427205
235,270,12,0.425551
235,275,12,0.442530
235,280,12,0.433430
235,285,12,0.424543
235,290,12,0.517149
235,295,10,0.407937
235,300,8,0.524434
240,245,30,0.327542
240,250,24,0.238346
240,255,16,0.298312
240,260,14,0.402902
240,265,14,0.371126
240,270,12,0.423348
240,275,12,0.295984
240,280,12,0.360092
240,285,12,0.415454
240,290,12,0.454343
240,295,10,0.555625
240,300,8,0.541501
245,250,30,0.196326
245,255,24,0.306663
245,260,16,0.378978
245,265,14,0.388436
245,270,14,0.357432
245,275,12,0.316311
245,280,12,0.359350
245,285,12,0.419171
245,290,12,0.422883
245,295,12,0.271818
245,300,8,0.404806
250,255,26,0.282249
250,260,22,0.239613
250,265,14,0.344518
250,270,14,0.347221
250,275,14,0.335844
250,280,12,0.397507
250,285,12,0.429883
250,290,12,0.288241
250,295,12,0.399997
250,300,12,0.415852
255,260,28,0.229000
255,265,22,0.271581
255,270,14,0.385086
255,275,14,0.399520
255,280,14,0.393135
255,285,12,0.400161
255,290,12,0.439768
255,295,12,0.376381
255,300,10,0.413680
260,265,30,0.410279
260,270,24,0.491855
260,275,14,0.481274
260,280,14,0.346471
260,285,14,0.554269
260,290,12,0.504173
260,295,10,0.383971
260,300,10,0.452563
265,270,26,0.526350
265,275,22,0.386058
265,280,16,0.280276
265,285,14,0.381785
265,290,14,0.447205
265,295,10,0.444024
265,300,10,0.488201
270,275,26,0.183980
270,280,20,0.347125
270,285,14,0.423623
270,290,12,0.491056
270,295,12,0.431548
270,300,10,0.463244
275,280,26,0.435356
275,285,22,0.542880
275,290,14,0.482372
275,295,12,0.417806
275,300,10,0.495295
280,285,24,0.452067
280,290,20,0.464240
280,295,12,0.463296
280,300,10,0.485826
285,290,20,0.462067
285,295,18,0.508949
285,300,14,0.515014
290,295,26,0.464700
290,300,16,0.582797
295,300,28,0.639855
