short_SMA,long_SMA,trades,sharpe_ratio
10,12,321,0.483070
10,16,198,0.282384
10,18,158,0.422349
10,22,134,0.764965
10,24,118,0.682087
10,26,106,0.762324
10,40,84,0.592598
10,42,84,0.572569
10,44,82,0.495833
10,46,92,0.466867
10,48,84,0.402120
10,50,78,0.393011
10,52,78,0.337743
10,54,72,0.292752
10,56,72,0.407334
10,58,68,0.422466
10,60,68,0.408265
10,62,60,0.548080
10,64,56,0.644125
10,66,56,0.635276
10,76,49,0.647117
10,78,49,0.580847
10,82,43,0.497313
10,88,45,0.355551
10,90,45,0.350587
10,92,45,0.470883
10,94,43,0.451381
10,98,45,0.472181
10,100,41,0.456579
10,102,39,0.433679
10,104,43,0.373230
10,106,43,0.370851
10,108,43,0.434380
10,110,42,0.407891
10,112,40,0.401484
10,114,40,0.401212
10,120,38,0.335436
10,122,36,0.411876
10,128,32,0.375068
10,132,38,0.300744
10,134,36,0.238783
10,136,34,0.286313
10,142,34,0.329094
10,146,36,0.192267
10,148,36,0.277130
10,150,34,0.257307
10,162,40,0.207270
10,164,38,0.258042
10,172,42,0.072443
10,174,46,0.094448
10,176,44,0.156739
10,182,42,0.128602
10,194,39,0.057287
10,196,37,0.134896
10,198,37,0.159438
10,200,39,0.155542
10,202,33,0.211112
10,204,35,0.264450
10,206,35,0.219271
10,208,35,0.259391
10,210,37,0.240568
10,212,39,0.198716
10,214,37,0.241176
10,216,37,0.234135
10,218,37,0.234200
10,224,37,0.265125
10,226,43,0.198898
10,230,41,0.284939
10,232,37,0.413853
10,236,35,0.383263
10,238,35,0.408590
10,242,35,0.449881
10,246,37,0.447688
10,248,35,0.521297
10,254,27,0.526322
10,256,25,0.567077
10,260,25,0.555231
10,262,25,0.555231
10,264,25,0.535979
10,266,27,0.500770
10,268,28,0.521084
10,274,26,0.478001
10,280,26,0.427616
10,284,26,0.464433
10,288,26,0.484454
10,290,28,0.417080
10,292,26,0.408022
10,300,30,0.451040
12,22,136,0.458821
12,26,104,0.527506
12,28,98,0.681737
12,30,86,0.664880
12,40,78,0.368274
12,44,78,0.440127
12,46,82,0.501074
12,50,66,0.556358
12,52,72,0.470514
12,54,72,0.473931
12,56,64,0.610931
12,62,58,0.607106
12,66,50,0.578768
12,70,48,0.521783
12,80,45,0.442594
12,82,43,0.372788
12,84,43,0.367191
12,86,45,0.347988
12,92,45,0.444368
12,94,43,0.487607
12,102,39,0.403745
12,104,39,0.470330
12,106,39,0.495143
12,110,43,0.360893
12,132,36,0.291668
12,140,32,0.367515
12,144,32,0.340879
12,150,30,0.300917
12,166,36,0.217143
12,168,36,0.171643
12,170,36,0.143572
12,172,34,0.206255
12,174,38,0.212887
12,178,32,0.321138
12,180,34,0.328885
12,184,38,0.191010
12,186,36,0.147421
12,208,33,0.258398
12,210,35,0.232083
12,212,35,0.188686
12,214,37,0.257913
12,216,35,0.296524
12,222,37,0.217363
12,224,35,0.206185
12,228,31,0.292263
12,234,33,0.264356
12,246,33,0.342540
12,248,27,0.332709
12,250,27,0.340260
12,252,29,0.370646
12,254,27,0.392172
12,256,23,0.500138
12,258,23,0.465451
12,280,20,0.508648
12,284,22,0.490780
12,286,18,0.476032
12,288,20,0.430768
12,290,20,0.365827
14,22,136,0.574422
14,36,78,0.347554
14,40,76,0.401371
14,46,72,0.619010
14,48,70,0.654908
14,50,70,0.517312
14,52,64,0.608032
14,54,60,0.564098
14,56,62,0.719054
14,58,52,0.717841
14,62,50,0.625049
14,66,48,0.577719
14,78,45,0.429809
14,82,43,0.348339
14,86,43,0.307812
14,94,43,0.395967
14,96,43,0.375999
14,98,41,0.395169
14,100,39,0.444642
14,102,43,0.353481
14,110,38,0.421422
14,114,32,0.444459
14,120,32,0.328468
14,136,32,0.274768
14,142,32,0.304601
14,150,30,0.293992
14,156,30,0.292593
14,164,36,0.236323
14,168,38,0.075207
14,170,36,0.097774
14,172,34,0.192767
14,174,32,0.275036
14,176,32,0.280532
14,178,28,0.260923
14,180,30,0.300241
14,184,30,0.264714
14,186,30,0.301477
14,194,36,0.237528
14,204,31,0.328989
14,206,31,0.289031
14,208,31,0.278366
14,210,31,0.256555
14,212,31,0.224086
14,214,33,0.251524
14,216,31,0.241967
14,218,33,0.166992
14,222,31,0.209985
14,224,31,0.176249
14,234,29,0.262715
14,238,31,0.272386
14,242,31,0.328546
14,244,29,0.300156
14,248,27,0.297827
14,250,29,0.324560
14,252,27,0.389619
14,254,27,0.394521
14,256,27,0.398105
14,258,23,0.424876
14,260,21,0.424876
14,266,21,0.373829
14,274,20,0.508151
14,276,20,0.501795
14,280,22,0.488523
14,284,20,0.486581
14,286,18,0.485371
14,290,18,0.454850
16,22,144,0.427676
16,40,78,0.328060
16,42,72,0.429103
16,46,74,0.523162
16,48,74,0.451248
16,50,70,0.557088
16,52,62,0.664208
16,54,60,0.585281
16,56,62,0.575769
16,58,58,0.683283
16,62,50,0.619886
16,66,48,0.543721
16,68,48,0.540685
16,74,43,0.448441
16,78,43,0.371713
16,80,43,0.261352
16,90,43,0.370045
16,92,41,0.395293
16,100,38,0.411781
16,102,38,0.402105
16,144,32,0.270921
16,152,30,0.174055
16,162,30,0.095799
16,168,34,0.170870
16,186,30,0.242366
16,198,36,0.188540
16,200,30,0.277457
16,204,31,0.205613
16,210,29,0.207531
16,212,29,0.220105
16,216,29,0.203409
16,218,31,0.147686
16,230,31,0.263534
16,248,27,0.255216
16,264,21,0.303062
16,286,18,0.397697
16,294,20,0.380028
18,22,164,0.392649
18,32,78,0.172461
18,44,72,0.411181
18,46,70,0.408903
18,50,70,0.499920
18,52,64,0.461955
18,54,64,0.472540
18,56,60,0.507625
18,58,58,0.576385
18,62,53,0.502570
18,66,47,0.344333
18,78,43,0.267009
18,90,41,0.432957
18,94,40,0.441889
18,98,38,0.373145
18,114,32,0.421023
18,122,30,0.312964
18,126,28,0.262213
18,148,30,0.134248
18,154,30,0.122419
18,160,28,0.022711
18,176,24,0.128229
18,178,24,0.117867
18,182,32,0.140617
18,188,30,0.229499
18,192,32,0.160279
18,194,36,0.182996
18,196,34,0.150583
18,202,28,0.233094
18,208,31,0.230668
18,212,29,0.231416
18,214,29,0.250064
18,218,29,0.247638
18,222,31,0.148508
18,224,31,0.165881
18,230,33,0.204253
18,240,27,0.251217
18,242,31,0.236896
18,254,23,0.357030
18,260,21,0.301076
18,268,22,0.277375
18,270,24,0.317829
18,274,18,0.380634
18,284,18,0.335162
18,286,18,0.335162
18,292,18,0.362775
18,300,18,0.334936
20,22,230,0.257439
20,24,156,0.445164
20,30,100,0.264184
20,36,80,0.364909
20,40,74,0.314127
20,44,70,0.438947
20,48,66,0.356308
20,50,64,0.381967
20,52,62,0.557890
20,54,58,0.509701
20,56,60,0.432809
20,60,53,0.381809
20,62,55,0.354628
20,68,46,0.345828
20,80,41,0.322379
20,84,41,0.351829
20,102,36,0.405521
20,104,36,0.336021
20,106,36,0.327109
20,108,36,0.356031
20,110,34,0.310027
20,122,28,0.201502
20,132,28,0.108758
20,136,28,0.177270
20,150,28,0.148041
20,168,24,0.065844
20,184,26,0.091060
20,186,28,0.081508
20,196,34,0.143675
20,202,28,0.196610
20,204,26,0.189396
20,208,28,0.294281
20,210,30,0.221468
20,212,30,0.204371
20,214,30,0.162856
20,218,31,0.113195
20,222,29,0.073231
20,230,29,0.057323
20,236,25,0.100457
20,240,25,0.133116
20,250,25,0.247910
20,254,23,0.298134
20,258,21,0.366866
20,260,21,0.366866
20,274,18,0.370883
20,282,18,0.295750
20,284,18,0.291327
20,292,18,0.363361
22,40,74,0.309458
22,46,68,0.422014
22,50,64,0.489577
22,52,62,0.598334
22,54,58,0.543652
22,56,60,0.520805
22,62,54,0.332547
22,66,50,0.359476
22,86,39,0.406652
22,106,34,0.271398
22,114,32,0.198160
22,134,28,0.258918
22,138,26,0.181964
22,176,24,0.122372
22,184,26,0.119290
22,216,28,0.142446
22,230,28,0.142505
22,252,26,0.170542
22,292,18,0.289497
24,36,80,0.196447
24,42,74,0.382025
24,44,70,0.437490
24,50,63,0.507229
24,52,62,0.498480
24,54,58,0.516702
24,56,59,0.473691
24,62,54,0.450765
24,66,50,0.407113
24,70,44,0.467140
24,78,42,0.370261
24,88,34,0.587265
24,92,34,0.613254
24,102,36,0.350873
24,154,28,0.052841
24,176,24,0.145679
24,182,24,0.182508
24,184,26,0.181697
24,186,24,0.168107
24,204,24,0.234099
24,206,22,0.253715
24,210,24,0.193357
24,216,26,0.153545
24,218,26,0.174575
24,236,22,0.242559
24,246,22,0.329908
24,262,24,0.294885
24,272,20,0.252515
24,276,18,0.277388
24,278,18,0.290480
24,280,18,0.298295
26,40,76,0.296279
26,44,69,0.460561
26,46,70,0.396521
26,50,63,0.485988
26,52,57,0.475618
26,54,57,0.511863
26,56,58,0.429013
26,62,56,0.385392
26,66,50,0.313517
26,80,40,0.382940
26,82,40,0.426926
26,84,38,0.485537
26,92,34,0.509006
26,98,34,0.387491
26,100,36,0.350119
26,108,32,0.231421
26,120,28,0.247163
26,124,28,0.168387
26,130,26,0.172531
26,132,26,0.122469
26,176,26,0.140764
26,192,26,0.184513
26,212,22,0.234236
26,216,24,0.217477
26,222,24,0.189064
26,240,22,0.300924
26,242,26,0.248034
26,244,22,0.308571
26,246,22,0.295617
26,248,22,0.318066
26,250,22,0.346421
26,252,22,0.247409
26,256,22,0.231582
26,262,24,0.282315
26,268,20,0.259066
26,270,18,0.234321
26,274,20,0.312477
26,278,18,0.321416
26,294,18,0.264571
28,40,78,0.396816
28,46,70,0.481151
28,48,70,0.604424
28,50,64,0.508211
28,52,64,0.424022
28,54,59,0.531486
28,56,59,0.561797
28,58,62,0.603073
28,62,60,0.437450
28,64,56,0.490333
28,66,54,0.422144
28,78,40,0.360076
28,88,34,0.391331
28,100,34,0.346913
28,102,32,0.383768
28,114,32,0.243359
28,124,26,0.144537
28,150,22,0.127197
28,158,26,0.117656
28,168,24,0.094307
28,172,24,0.166509
28,176,24,0.179443
28,192,24,0.141075
28,198,24,0.165994
28,202,22,0.200660
28,210,22,0.224774
28,216,22,0.235544
28,220,24,0.241787
28,222,24,0.226194
28,230,22,0.090727
28,232,22,0.207690
28,248,22,0.272085
28,260,22,0.261706
28,274,18,0.316910
28,276,18,0.292286
28,284,18,0.355696
28,286,18,0.357608
30,38,100,0.399334
30,40,84,0.344275
30,46,70,0.576137
30,48,72,0.639278
30,50,68,0.588021
30,52,63,0.465844
30,54,59,0.552384
30,56,58,0.581642
30,62,60,0.335792
30,66,54,0.525895
30,76,40,0.462521
30,78,40,0.474183
30,82,40,0.425219
30,84,41,0.434399
30,92,34,0.306543
30,108,30,0.283200
30,110,30,0.239163
30,116,28,0.200970
30,138,24,0.049855
30,164,28,0.089175
30,170,26,0.181323
30,176,22,0.232227
30,182,22,0.213612
30,184,22,0.230382
30,194,24,0.224853
30,198,24,0.098359
30,206,22,0.107468
30,208,22,0.176918
30,210,22,0.223230
30,218,22,0.230700
30,250,20,0.306426
30,252,20,0.318646
30,266,20,0.313289
30,268,18,0.325475
30,284,18,0.320060
30,288,18,0.292050
30,290,18,0.275104
32,36,128,0.148219
32,40,89,0.420564
32,46,78,0.723452
32,50,66,0.624220
32,52,64,0.697745
32,54,60,0.606004
32,56,58,0.530568
32,58,58,0.628435
32,62,56,0.498503
32,66,52,0.481960
32,74,42,0.451025
32,76,38,0.402079
32,78,38,0.305158
32,84,36,0.266153
32,90,34,0.278538
32,102,30,0.337429
32,112,28,0.167296
32,122,24,0.126938
32,132,24,0.128744
32,142,22,0.199433
32,158,24,0.148067
32,164,26,0.150899
32,172,22,0.281375
32,176,22,0.235617
32,180,22,0.287953
32,182,24,0.270919
32,184,24,0.267227
32,186,24,0.255628
32,196,24,0.196810
32,198,24,0.208718
32,204,22,0.197816
32,212,22,0.140121
32,214,22,0.113864
32,216,22,0.176567
32,220,22,0.160370
32,234,20,0.198666
32,236,20,0.218285
32,242,18,0.269319
32,246,18,0.259667
32,252,20,0.320757
32,256,20,0.405302
32,260,20,0.319554
32,264,20,0.366486
32,266,16,0.402230
32,268,16,0.370167
32,280,18,0.262041
32,282,18,0.271808
32,286,18,0.310434
32,292,18,0.320021
32,294,18,0.361239
34,38,119,0.487367
34,40,99,0.645993
34,46,71,0.697273
34,48,70,0.707598
34,50,70,0.716162
34,52,64,0.711078
34,54,62,0.689081
34,56,60,0.722264
34,58,58,0.663165
34,62,54,0.563182
34,66,54,0.600641
34,68,52,0.512514
34,72,42,0.544477
34,76,38,0.452532
34,78,38,0.385129
34,80,40,0.267370
34,82,38,0.222851
34,84,36,0.270901
34,94,32,0.309772
34,98,30,0.312991
34,104,30,0.268603
34,106,30,0.280249
34,114,26,0.278825
34,122,24,0.195543
34,124,24,0.219956
34,132,22,0.230007
34,136,22,0.249915
34,142,20,0.310371
34,154,22,0.161686
34,160,22,0.161648
34,164,24,0.120310
34,166,24,0.214061
34,174,22,0.345948
34,180,22,0.327045
34,182,22,0.350138
34,188,24,0.246660
34,192,22,0.279412
34,196,24,0.200520
34,198,24,0.224339
34,202,22,0.271685
34,204,22,0.256790
34,206,22,0.233556
34,210,22,0.243782
34,212,22,0.177404
34,214,22,0.112354
34,216,22,0.074332
34,220,22,0.132547
34,224,20,0.132601
34,230,20,0.177406
34,244,18,0.176564
34,250,20,0.159656
34,252,20,0.218157
34,254,20,0.238074
34,256,20,0.222107
34,260,20,0.259371
34,262,18,0.338862
34,266,18,0.331085
34,270,16,0.315518
34,274,16,0.324081
34,276,16,0.336164
34,284,18,0.278226
34,298,16,0.248710
36,38,151,0.794649
36,40,111,0.760054
36,42,89,0.631303
36,46,80,0.541858
36,48,70,0.738557
36,50,72,0.797624
36,52,64,0.746824
36,54,64,0.729615
36,56,62,0.693822
36,58,60,0.733148
36,62,58,0.615336
36,66,50,0.662020
36,80,36,0.272207
36,88,32,0.280869
36,104,28,0.258477
36,110,24,0.316243
36,116,24,0.343524
36,118,24,0.226743
36,136,22,0.297762
36,140,20,0.325396
36,142,20,0.314760
36,150,22,0.216372
36,156,22,0.157280
36,164,22,0.207827
36,168,24,0.340262
36,172,22,0.412120
36,174,22,0.552125
36,176,20,0.365175
36,188,22,0.275660
36,196,26,0.372984
36,202,22,0.278633
36,208,22,0.245756
36,210,22,0.193907
36,212,22,0.162622
36,214,22,0.133891
36,220,20,0.109162
36,224,20,0.123785
36,226,20,0.130960
36,228,20,0.097562
36,230,20,0.090221
36,232,20,0.115702
36,240,18,0.037855
36,244,18,0.090159
36,248,18,0.038856
36,250,18,0.198234
36,252,18,0.207021
36,256,20,0.172073
36,258,20,0.187804
36,260,20,0.201453
36,270,16,0.281774
36,280,16,0.330384
36,282,18,0.356867
36,286,16,0.413839
36,288,16,0.401446
38,40,147,0.779869
38,42,109,0.526649
38,50,70,0.664038
38,52,70,0.660366
38,54,64,0.718892
38,56,62,0.744425
38,58,62,0.823086
38,62,58,0.729774
38,66,54,0.532075
38,78,38,0.307220
38,84,34,0.367611
38,100,32,0.301178
38,102,30,0.330030
38,104,28,0.322413
38,130,22,0.213359
38,132,22,0.297258
38,142,20,0.308958
38,156,22,0.211439
38,158,22,0.174484
38,176,20,0.301239
38,182,20,0.314067
38,184,22,0.344578
38,210,22,0.175601
38,218,18,0.118893
38,224,18,0.104800
38,230,18,0.138401
38,240,18,0.038451
38,246,18,-0.029799
38,266,16,0.277381
38,270,16,0.298381
40,46,85,0.687234
40,50,76,0.618631
40,52,76,0.766818
40,54,70,0.645034
40,56,64,0.649330
40,58,62,0.682732
40,62,60,0.563269
40,64,56,0.570052
40,66,52,0.460020
40,68,50,0.550336
40,76,44,0.456961
40,80,40,0.348394
40,84,34,0.344962
40,86,32,0.369809
40,92,34,0.330043
40,112,24,0.325361
40,118,22,0.357208
40,124,22,0.275498
40,126,26,0.171553
40,154,22,0.261390
40,164,24,0.196029
40,178,20,0.415190
40,180,20,0.497116
40,194,22,0.323099
40,206,20,0.310704
40,208,20,0.242968
40,210,20,0.187765
40,216,18,0.210205
40,228,18,0.075360
40,258,18,0.039360
40,260,18,0.052305
40,264,18,0.233001
40,292,16,0.337387
42,44,139,0.506747
42,46,109,0.695686
42,48,89,0.870900
42,50,80,0.800168
42,52,77,0.789734
42,54,70,0.711102
42,56,70,0.588752
42,58,66,0.613560
42,60,62,0.472766
42,62,60,0.476687
42,64,62,0.477846
42,66,56,0.570626
42,68,54,0.581226
42,72,50,0.384949
42,74,48,0.304795
42,76,46,0.298218
42,78,44,0.377336
42,80,42,0.376698
42,82,38,0.340841
42,86,34,0.438370
42,88,30,0.400053
42,94,32,0.363431
42,96,30,0.357205
42,98,30,0.366062
42,100,30,0.347148
42,102,28,0.367864
42,106,26,0.375973
42,108,28,0.352547
42,110,24,0.387628
42,112,24,0.379205
42,114,24,0.338219
42,116,22,0.376083
42,118,22,0.382212
42,120,22,0.284491
42,122,22,0.216207
42,124,22,0.203937
42,126,22,0.276127
42,128,24,0.247992
42,130,24,0.257302
42,136,22,0.251032
42,144,20,0.339669
42,146,20,0.313151
42,148,22,0.227632
42,150,20,0.280542
42,152,20,0.251908
42,154,20,0.243790
42,156,20,0.217390
42,158,20,0.193713
42,162,22,0.146127
42,164,24,0.128735
42,166,22,0.201054
42,168,20,0.254777
42,170,20,0.379322
42,172,20,0.390587
42,174,22,0.374968
42,176,22,0.340074
42,178,22,0.366483
42,180,22,0.312110
42,184,20,0.360118
42,186,20,0.335038
42,188,22,0.364349
42,192,24,0.270821
42,194,22,0.361767
42,198,20,0.301336
42,202,20,0.257607
42,204,20,0.263731
42,206,20,0.277183
42,208,20,0.359087
42,210,20,0.301816
42,212,20,0.230967
42,214,18,0.248535
42,216,18,0.233373
42,218,18,0.238904
42,220,18,0.230053
42,222,18,0.255516
42,224,18,0.164186
42,228,18,0.104634
42,230,18,0.059435
42,232,18,0.040323
42,234,18,0.005656
42,236,18,0.025975
42,240,18,0.004622
42,242,18,-0.011673
42,244,18,-0.001950
42,246,18,-0.007180
42,248,18,-0.009828
42,250,18,0.053709
42,252,18,0.099008
42,254,18,0.046901
42,256,18,0.106687
42,258,18,0.127010
42,260,18,0.214096
42,262,18,0.310421
44,46,151,0.762226
44,48,113,0.775053
44,50,84,0.730055
44,52,79,0.705445
44,54,74,0.680492
44,56,70,0.680761
44,58,70,0.582617
44,62,64,0.511659
44,66,62,0.512751
44,72,50,0.465612
44,86,32,0.442335
44,126,22,0.340273
44,136,22,0.231750
44,140,22,0.272064
44,144,20,0.222174
44,150,20,0.244890
44,162,20,0.134338
44,166,22,0.163688
44,184,24,0.169485
44,188,20,0.338503
44,190,20,0.315434
44,194,24,0.225980
44,196,20,0.207009
44,204,20,0.334874
44,206,20,0.300947
44,210,22,0.290920
44,212,18,0.258590
44,216,18,0.247023
44,218,18,0.262455
44,222,18,0.204662
44,224,18,0.219959
44,244,18,0.051192
44,246,18,0.015552
44,248,18,0.069200
44,254,18,0.238940
46,50,114,0.756658
46,52,86,0.793123
46,54,78,0.692947
46,56,72,0.631694
46,58,70,0.494861
46,62,64,0.344931
46,66,64,0.429343
46,68,58,0.466333
46,94,30,0.258865
46,104,24,0.376107
46,106,24,0.348723
46,116,24,0.237126
46,118,22,0.253335
46,132,22,0.177447
46,140,22,0.267572
46,154,20,0.171177
46,158,20,0.114779
46,162,22,0.139682
46,164,22,0.132668
46,174,20,0.253975
46,178,20,0.219303
46,204,22,0.268168
46,210,18,0.274804
46,212,20,0.236482
46,218,18,0.233876
46,222,18,0.161628
46,232,18,0.099909
46,234,18,0.079321
46,240,18,0.145040
46,250,16,0.238605
48,50,170,0.885528
48,52,112,0.741718
48,54,90,0.783760
48,56,80,0.720387
48,58,74,0.518677
48,62,68,0.416405
48,64,66,0.500099
48,66,64,0.451819
48,68,58,0.399887
48,70,56,0.291709
48,72,54,0.319675
48,74,54,0.468114
48,76,50,0.431820
48,78,48,0.428279
48,80,44,0.395580
48,82,40,0.449505
48,84,34,0.407670
48,86,30,0.403701
48,88,30,0.395137
48,90,30,0.334401
48,92,30,0.311999
48,96,30,0.336405
48,98,28,0.314462
48,102,28,0.388331
48,106,24,0.355333
48,108,24,0.383891
48,116,24,0.214896
48,118,24,0.230964
48,120,24,0.243184
48,124,22,0.308658
48,126,22,0.272501
48,128,22,0.200622
48,130,22,0.198510
48,134,22,0.250637
48,136,22,0.243626
48,138,22,0.239264
48,140,22,0.276296
48,142,20,0.162124
48,146,20,0.169573
48,148,20,0.185839
48,150,20,0.129825
48,154,20,0.067830
48,156,20,0.157330
48,158,20,0.133760
48,162,22,0.081939
48,164,22,0.119627
48,168,24,0.172997
48,170,20,0.224758
48,172,20,0.207621
48,178,20,0.215487
48,180,22,0.234061
48,182,22,0.220845
48,184,22,0.176214
48,188,24,0.166625
48,192,24,0.250730
48,194,20,0.355019
48,196,20,0.416747
48,198,20,0.269060
48,202,18,0.243225
48,204,18,0.240980
48,206,18,0.302099
48,208,18,0.283277
48,210,18,0.281240
48,212,18,0.226395
48,214,18,0.263639
48,216,18,0.235849
48,220,18,0.218320
48,222,18,0.173449
48,224,18,0.093002
48,226,18,0.094210
48,228,18,0.131529
48,230,18,0.169698
48,232,18,0.175826
48,234,18,0.128571
48,238,16,0.238900
48,240,16,0.219176
48,242,16,0.204421
48,244,16,0.205293
48,246,16,0.260577
48,248,16,0.281875
48,252,16,0.308678
48,256,16,0.299012
48,260,16,0.325002
50,52,155,0.440925
50,54,109,0.584677
50,56,88,0.410864
50,58,82,0.485832
50,60,68,0.406299
50,62,66,0.363666
50,68,64,0.234974
50,78,52,0.450496
50,102,24,0.326928
50,106,22,0.348731
50,110,22,0.282121
50,126,26,0.184764
50,180,22,0.232828
50,190,22,0.169069
50,202,18,0.245269
50,216,18,0.121038
50,224,18,0.157516
50,254,16,0.304378
50,274,16,0.454967
52,54,146,0.579650
52,56,104,0.451976
52,58,90,0.402484
52,62,74,0.280797
52,66,64,0.387400
52,68,58,0.291451
52,74,58,0.499900
52,86,34,0.358371
52,100,28,0.253704
52,110,22,0.220922
52,114,22,0.200800
52,162,22,0.017860
52,164,22,-0.004268
52,166,22,0.052064
52,178,20,0.164477
52,182,22,0.215428
52,184,22,0.198247
52,188,22,0.157099
52,196,22,0.199793
52,198,20,0.278793
52,212,18,0.133968
52,222,20,0.174406
52,228,18,0.222445
52,230,18,0.230228
52,248,16,0.347713
52,254,18,0.321174
52,256,16,0.291569
52,258,16,0.322640
54,56,142,0.310091
54,62,78,0.354174
54,66,66,0.211117
54,74,56,0.447249
54,78,52,0.426731
54,102,26,0.173823
54,112,22,0.143321
54,160,22,-0.001854
54,166,22,0.073652
54,176,20,0.105424
54,202,16,0.138483
54,210,18,0.015345
54,216,18,0.105299
54,218,18,0.178307
54,238,16,0.291399
54,244,16,0.270365
54,248,16,0.380315
54,256,16,0.294951
54,274,16,0.388775
56,58,140,0.277325
56,66,68,0.369422
56,98,26,0.177078
56,104,28,0.314503
56,114,22,0.226126
56,146,20,0.068907
56,152,20,0.099791
56,174,26,0.082852
56,184,22,0.133427
56,194,20,0.140893
56,198,18,0.128742
56,202,18,0.081396
56,206,16,0.148888
56,210,20,0.027226
56,216,18,0.142689
56,220,18,0.250981
56,224,18,0.267785
56,226,18,0.268283
56,230,16,0.409006
56,234,16,0.315850
56,236,16,0.261667
56,242,16,0.316898
56,246,16,0.407311
56,248,16,0.411035
56,254,18,0.349593
56,280,16,0.334999
58,60,138,0.144997
58,62,104,0.166939
58,66,72,0.282801
58,72,60,0.507048
58,74,56,0.402406
58,80,49,0.246064
58,102,24,0.281520
58,118,22,0.113782
58,164,20,0.102971
58,170,22,0.117607
58,180,22,0.121099
60,74,58,0.363585
60,84,45,0.177234
60,86,43,0.230043
60,92,33,0.068452
60,98,26,0.234281
60,104,24,0.298053
60,110,22,0.213377
60,114,24,0.205399
60,128,24,-0.015498
60,162,20,0.024141
60,168,20,0.099317
60,172,20,0.163670
60,176,20,0.072435
60,178,22,0.108195
60,188,20,-0.022886
60,190,20,-0.042903
60,192,20,-0.056945
60,194,18,-0.038926
60,212,16,0.179160
60,216,18,0.143023
60,242,16,0.284854
60,252,18,0.203253
60,254,16,0.296956
60,260,15,0.424299
60,264,15,0.310721
60,274,16,0.303010
62,66,97,0.418151
62,78,53,0.255686
62,84,47,0.163258
62,86,45,0.059574
62,106,22,0.264592
62,108,24,0.174294
62,116,22,0.019559
62,142,24,0.070284
62,206,16,0.309139
62,210,18,0.171561
62,224,16,0.282324
62,232,16,0.283605
62,238,17,0.423402
62,260,15,0.246053
64,66,127,0.380055
64,98,27,0.243627
64,110,24,0.100733
64,158,20,-0.020853
64,176,18,0.161913
64,182,20,0.101946
64,204,20,0.212809
64,236,17,0.262460
66,80,53,0.123976
66,84,55,0.081807
66,94,39,0.148616
66,100,24,0.268520
66,108,22,0.229444
66,124,24,0.019399
66,160,20,-0.081694
66,170,20,0.153877
66,176,18,0.180355
66,194,18,0.278315
66,204,20,0.232869
66,210,16,0.314636
66,214,15,0.276742
66,216,15,0.222137
66,226,17,0.250858
66,230,17,0.178311
66,236,17,0.193603
66,246,17,0.123055
66,252,15,0.293218
66,276,16,0.237939
68,82,55,0.051194
68,92,41,0.170329
68,108,22,0.119614
68,182,18,0.141934
68,216,15,0.200477
68,218,15,0.258231
68,236,17,0.113263
68,266,15,0.165205
68,268,16,0.191249
70,76,75,0.109018
70,80,59,0.105602
70,82,57,0.132212
70,106,22,0.034252
70,114,22,-0.142794
70,126,24,-0.048057
70,130,22,-0.013124
70,144,22,-0.119221
70,154,20,-0.203375
70,178,18,0.235768
70,180,18,0.196857
70,184,18,0.270655
70,186,18,0.269843
70,198,18,0.172207
70,212,17,0.232746
70,214,17,0.206649
70,218,15,0.252694
70,224,15,0.249381
70,250,17,0.098374
70,254,15,0.198169
70,260,15,0.208126
70,268,16,0.091923
70,280,16,0.157132
72,78,73,0.321012
72,92,45,0.160766
72,102,32,0.271453
72,122,22,-0.087868
72,142,22,-0.119957
72,176,18,0.267734
72,188,18,0.201745
72,212,17,0.295520
72,260,15,0.215028
72,270,16,0.173646
74,86,53,0.272176
74,118,22,-0.247225
74,134,22,-0.223691
74,162,20,-0.088581
74,182,18,0.333389
74,224,15,0.253120
74,240,19,0.163540
74,256,15,0.218213
74,264,17,0.176486
74,268,16,0.067347
76,104,32,-0.062913
76,120,22,-0.160771
76,180,18,0.197083
76,208,19,0.342269
76,212,17,0.236424
76,216,17,0.255398
76,254,15,0.227076
76,270,16,0.163513
78,106,32,-0.057065
78,122,22,-0.313280
78,148,20,-0.302292
78,156,20,-0.182924
78,158,20,-0.151536
78,166,20,-0.050924
78,176,18,0.168685
78,178,18,0.156643
78,202,19,0.011567
78,208,19,0.142656
78,210,17,0.241223
78,216,17,0.175180
78,242,15,0.199095
78,244,15,0.187740
78,250,17,0.148912
78,272,16,0.115156
80,92,52,0.302760
80,96,40,0.202221
80,106,32,-0.136296
80,124,22,-0.346331
80,132,26,-0.400377
80,136,22,-0.339030
80,144,22,-0.259787
80,166,20,-0.005564
80,172,20,-0.100646
80,208,19,0.301483
80,264,17,0.219362
80,280,16,0.185911
82,92,52,0.249592
82,154,20,-0.219452
82,246,15,0.225091
84,86,108,0.270326
84,92,58,0.229676
84,102,36,-0.043704
84,118,22,-0.461486
84,126,22,-0.580365
84,136,22,-0.387094
84,140,22,-0.301155
84,146,20,-0.338525
84,212,17,0.259801
84,266,17,0.204575
84,270,18,0.290601
84,276,16,0.249776
86,102,36,-0.129044
86,122,22,-0.509568
86,154,20,-0.163827
86,158,20,-0.085935
86,162,21,-0.160676
86,182,19,-0.001723
86,202,19,0.039022
86,206,21,0.049555
86,222,15,0.294775
86,256,15,0.157410
88,90,102,0.119545
88,94,64,-0.064250
88,96,56,-0.071869
88,118,26,-0.447875
88,162,21,-0.292838
88,170,21,-0.210216
88,180,19,-0.235721
88,188,19,-0.112340
88,210,19,0.110234
88,248,15,0.151550
88,256,15,0.115020
88,280,16,0.128371
88,290,16,0.038708
90,100,44,-0.122927
90,102,42,-0.173105
90,112,32,-0.369975
90,148,20,-0.181976
90,152,20,-0.174382
90,160,21,-0.345105
90,204,19,0.029298
90,214,17,0.230351
90,226,15,0.263658
90,292,16,-0.015679
92,104,42,-0.184376
92,114,32,-0.246931
92,166,21,-0.215748
92,192,19,-0.135779
92,224,15,0.323232
92,274,18,0.144293
92,286,16,0.047253
94,108,40,-0.375231
94,112,38,-0.271806
94,132,22,-0.369094
94,136,20,-0.254124
94,140,20,-0.203251
94,208,19,0.226072
94,212,17,0.342463
94,224,15,0.371489
96,98,104,0.044551
96,104,54,-0.231728
96,114,36,-0.396678
96,144,20,-0.158603
96,146,20,-0.170300
96,154,21,-0.316786
96,178,19,-0.070092
96,196,21,-0.081153
96,210,17,0.291727
96,224,15,0.356545
96,278,16,0.170005
98,118,30,-0.534269
98,120,30,-0.522608
98,124,34,-0.497889
98,140,22,-0.186243
98,160,21,-0.166024
98,174,21,-0.091848
98,212,17,0.351861
98,282,16,0.165384
98,298,16,-0.023395
100,112,46,-0.477014
100,116,36,-0.505313
100,158,21,-0.231026
100,160,21,-0.215488
100,188,19,0.114473
100,222,15,0.264618
100,228,15,0.295834
100,230,15,0.271581
100,270,18,0.218319
100,282,16,0.109250
100,292,16,0.095934
102,108,64,-0.454647
102,112,48,-0.477432
102,132,26,-0.393427
102,140,22,-0.200861
102,156,21,-0.278860
102,180,19,0.285786
102,222,15,0.242246
102,228,15,0.280058
102,294,14,0.031963
104,110,64,-0.381248
104,158,21,-0.229944
104,184,19,0.238311
104,206,19,0.304887
104,210,19,0.283328
104,280,14,0.158687
104,284,14,-0.009812
106,114,64,-0.400970
106,126,32,-0.075358
106,160,21,-0.281112
106,172,21,0.337377
106,192,19,0.136141
106,198,23,0.348535
106,212,19,0.341031
106,216,17,0.369704
106,218,17,0.369506
106,220,17,0.291354
106,224,15,0.315017
106,226,17,0.288942
106,230,17,0.269381
106,232,17,0.255190
106,240,15,0.243125
106,242,15,0.284358
106,278,14,0.183185
108,126,30,-0.053301
108,144,25,-0.213014
108,146,25,-0.157855
108,160,25,0.017162
108,166,21,0.193322
108,170,21,0.327285
108,176,19,0.346389
108,178,19,0.304861
108,204,17,0.359077
108,206,19,0.335267
108,210,19,0.338179
108,212,19,0.469863
108,214,19,0.382067
108,220,17,0.299377
108,222,17,0.289017
108,230,17,0.213399
108,232,17,0.213302
108,234,17,0.168329
108,238,17,0.230257
108,246,15,0.299973
108,248,15,0.311143
110,126,34,-0.038105
110,150,21,-0.089868
110,176,19,0.282686
110,180,19,0.193272
110,184,19,0.151726
110,194,19,0.287477
110,198,19,0.349322
110,206,17,0.332124
110,216,17,0.423875
110,240,17,0.184063
110,242,17,0.161787
110,248,13,0.249856
110,282,14,0.124072
110,286,14,0.090177
110,292,14,0.012949
112,118,66,-0.147557
112,124,44,-0.009947
112,182,19,0.127245
112,194,19,0.305990
112,202,19,0.341608
112,208,17,0.398866
112,280,16,0.097664
114,128,36,0.155977
114,236,17,0.187589
114,240,17,0.152273
116,162,21,0.078969
116,176,19,0.192033
116,180,19,0.127848
116,190,19,0.241618
116,204,17,0.379679
116,218,19,0.222346
116,220,19,0.177117
116,232,17,0.162745
116,238,17,0.179075
116,240,17,0.153215
116,254,13,0.241329
116,296,14,-0.029872
118,136,33,0.126583
118,152,25,-0.037413
118,154,25,-0.014479
118,158,23,-0.024966
118,186,19,0.188325
118,190,19,0.311458
118,194,19,0.328955
118,206,17,0.436964
118,210,17,0.357459
118,212,17,0.303164
118,216,19,0.239159
118,224,17,0.237404
118,248,17,0.191169
118,254,13,0.293996
118,256,13,0.248338
120,144,29,0.051120
120,164,19,0.000676
120,174,19,0.134555
120,178,19,0.174132
120,250,17,0.145721
120,286,14,0.185272
122,152,35,-0.109990
122,154,29,-0.110854
122,160,23,-0.155231
122,202,19,0.345840
122,208,17,0.293917
122,216,19,0.226797
122,222,19,0.211775
122,242,17,0.172923
122,260,13,0.127647
122,294,16,0.070273
124,174,21,0.151141
124,200,19,0.223700
124,218,19,0.169108
124,250,17,0.146127
124,262,13,0.131443
124,276,14,0.182735
124,280,18,0.238640
126,140,39,-0.075924
126,142,39,-0.043302
126,152,31,0.027034
126,164,23,-0.138465
126,166,21,-0.106685
126,198,19,0.229664
126,202,19,0.314687
126,206,17,0.290074
126,216,17,0.255500
126,218,17,0.224669
126,224,19,0.213984
126,236,15,0.110494
126,250,17,0.088824
126,268,14,0.074298
126,276,14,0.198598
126,282,16,0.220256
128,158,29,-0.132463
128,162,27,-0.174547
128,164,25,-0.169391
128,182,19,0.185724
128,186,19,0.330336
128,208,17,0.235659
128,210,17,0.194509
128,224,19,0.251796
128,230,17,0.204063
128,238,17,0.048763
128,242,17,0.125374
128,248,17,0.144323
128,254,19,0.043359
128,256,17,-0.010591
128,268,14,0.104880
128,288,14,0.086955
128,294,14,0.044311
130,194,19,0.200650
130,198,19,-0.022692
130,208,17,0.186564
130,212,17,0.245870
130,232,17,0.051195
130,242,17,0.129028
132,156,31,-0.150072
132,172,21,0.061359
132,178,19,0.400649
132,196,19,0.107672
132,202,19,0.311480
132,204,17,0.273231
132,208,17,0.322438
132,212,17,0.274337
132,236,17,0.039868
132,254,17,-0.045153
132,260,17,-0.065205
132,286,14,0.051969
132,290,14,0.004184
134,140,53,0.085885
134,162,31,-0.340071
134,184,19,0.395348
134,192,19,0.268513
134,220,17,0.262689
134,242,17,0.123302
134,250,17,0.000645
134,256,17,-0.027753
134,294,14,0.033219
136,142,53,0.180048
136,166,29,-0.308577
136,172,23,0.203025
136,180,21,0.444916
136,192,21,0.179709
136,212,17,0.301310
136,216,17,0.273426
136,218,17,0.331875
136,220,17,0.284063
136,250,17,0.038968
136,260,19,-0.039593
136,262,17,-0.085861
136,290,14,0.001809
136,298,16,-0.098062
138,154,37,-0.086979
138,170,23,0.203732
138,172,23,0.341767
138,182,21,0.383144
138,202,17,0.188345
138,204,17,0.270397
138,210,17,0.196623
138,218,17,0.284833
138,228,17,0.168759
138,250,17,0.035989
138,260,17,-0.041762
138,286,14,-0.009921
138,294,14,0.001339
140,152,37,-0.204231
140,164,29,-0.034899
140,168,27,0.036338
140,176,21,0.330455
140,194,21,0.124935
140,196,21,0.138575
140,204,17,0.309237
140,208,17,0.185085
140,218,17,0.305843
140,228,17,0.192503
140,248,19,-0.043047
140,256,17,-0.050749
140,258,17,-0.028151
140,262,17,-0.045857
142,146,67,-0.293353
142,174,23,0.428506
142,188,21,0.165692
142,204,17,0.196526
142,206,17,0.225229
142,210,17,0.230271
142,214,17,0.288704
142,248,19,-0.122498
142,254,17,0.038059
142,264,17,0.018712
142,266,15,0.066651
144,160,37,-0.165916
144,170,27,0.404390
144,180,21,0.479749
144,194,21,0.181793
144,196,21,0.174048
144,198,21,0.148023
144,212,17,0.292665
144,216,17,0.333286
144,224,17,0.179067
144,226,17,0.185876
144,234,19,0.095056
144,244,21,-0.046943
144,248,19,-0.097069
144,252,19,-0.019684
144,260,17,0.014459
144,282,14,-0.045629
144,290,14,-0.034833
146,160,37,-0.036191
146,164,33,0.065189
146,180,21,0.462616
146,182,19,0.352638
146,184,19,0.427736
146,208,17,0.241311
146,212,17,0.324396
146,220,17,0.134531
146,222,17,0.196471
146,228,17,0.221124
146,230,17,0.186871
146,234,17,0.156158
146,236,21,0.099217
146,240,19,0.072431
146,248,21,-0.084308
146,250,19,0.006262
146,258,17,0.072805
146,268,16,0.028737
146,294,14,-0.144100
146,296,14,-0.109039
148,186,19,0.429386
148,188,19,0.357841
148,196,21,0.221573
148,242,19,0.074367
148,244,21,0.108184
148,254,19,0.080650
148,262,17,0.077732
148,264,15,0.089053
148,266,15,-0.016326
148,272,18,0.066753
148,274,16,0.064473
148,292,14,-0.044019
148,298,14,-0.105012
150,152,98,-0.067107
150,154,67,-0.101744
150,162,37,0.042361
150,168,29,0.413172
150,174,27,0.390161
150,176,23,0.323643
150,180,21,0.308715
150,190,19,0.150353
150,194,17,0.249038
150,198,19,0.260881
150,210,19,0.336786
150,216,19,0.158921
150,220,17,0.201966
150,226,17,0.135597
150,234,17,0.139124
150,242,19,0.156296
150,254,19,0.073798
150,258,21,0.066466
150,260,17,0.148324
150,262,15,0.146516
152,164,39,0.361801
152,198,17,0.270959
152,202,17,0.285486
152,206,19,0.255195
152,212,19,0.284889
152,218,17,0.230510
152,232,17,0.130170
152,246,21,0.246123
152,248,21,0.191948
152,252,21,0.059803
152,278,14,-0.065316
152,284,14,-0.117147
154,156,85,-0.095942
154,158,67,0.134305
154,184,21,0.326941
154,202,17,0.258102
154,244,17,0.247839
154,252,21,0.149233
154,254,21,0.161344
154,276,16,0.098605
154,288,16,-0.181384
156,158,85,0.152799
156,160,65,0.236414
156,166,41,0.442043
156,168,35,0.423271
156,172,33,0.337205
156,176,31,0.320390
156,180,23,0.364565
156,182,21,0.393554
156,184,21,0.388689
156,186,21,0.400546
156,192,21,0.222273
156,204,17,0.338321
156,206,17,0.324389
156,208,17,0.325709
156,210,17,0.301689
156,212,17,0.291457
156,214,17,0.275934
156,218,19,0.232443
156,220,17,0.162453
156,230,17,0.178104
156,232,17,0.199398
156,236,17,0.333032
156,244,17,0.303437
156,246,17,0.246873
156,248,21,0.334253
156,250,21,0.258530
156,252,21,0.407652
156,256,19,0.174957
156,258,19,0.155746
156,260,17,0.178459
156,262,17,0.128225
156,266,17,0.044915
156,270,16,0.079223
156,276,16,0.181003
156,290,18,0.004530
158,164,53,0.461098
158,170,35,0.372569
158,178,27,0.358123
158,200,17,0.259012
158,210,17,0.300650
158,232,17,0.229711
158,236,17,0.350716
158,250,21,0.375909
158,272,18,0.143064
158,274,16,0.150111
158,276,16,0.207196
158,280,16,0.151993
158,294,16,-0.011291
160,176,29,0.307313
160,178,29,0.467467
160,180,27,0.408523
160,190,21,0.156570
160,192,19,0.109485
160,196,19,0.233731
160,198,17,0.254582
160,204,17,0.282724
160,208,17,0.305277
160,210,17,0.303597
160,212,17,0.365674
160,216,17,0.254354
160,218,19,0.202458
160,220,17,0.166222
160,222,17,0.231117
160,234,17,0.312726
160,246,19,0.335021
160,248,19,0.286759
160,256,21,0.093454
160,258,17,0.160990
160,268,16,0.146760
160,278,16,0.203725
160,284,14,0.071886
162,170,45,0.267645
162,180,29,0.453786
162,184,21,0.395158
162,196,19,0.134163
162,234,17,0.236466
162,238,17,0.212431
162,248,19,0.093961
162,262,17,0.118548
162,270,16,0.268133
162,280,16,0.178968
164,170,55,0.233047
164,176,37,0.438812
164,206,17,0.222187
164,208,17,0.310551
164,220,17,0.267917
164,226,17,0.290322
164,236,17,0.145795
164,242,17,0.225638
164,244,17,0.194881
164,246,19,0.013966
164,264,17,0.161145
164,272,16,0.193830
164,276,16,0.262624
164,280,16,0.125023
164,292,13,0.007351
166,172,53,0.544774
166,182,27,0.425319
166,192,21,0.276655
166,198,19,0.271880
166,210,17,0.336440
166,218,17,0.330074
166,220,17,0.315925
166,222,17,0.288094
166,226,17,0.266636
166,236,17,0.087219
166,260,17,0.185305
166,268,18,0.258156
166,276,16,0.261381
166,280,15,0.168420
166,284,15,0.164759
166,290,13,0.051501
166,292,13,-0.010083
168,180,37,0.431771
168,186,25,0.302088
168,190,21,0.306143
168,210,17,0.312318
168,228,17,0.239403
168,286,15,0.100116
170,186,25,0.258289
170,212,17,0.276685
170,214,17,0.306356
170,230,17,0.134427
170,232,17,0.134940
170,242,17,0.053816
170,248,17,0.000315
172,182,39,0.376510
172,188,25,0.379268
172,196,21,-0.025112
172,212,17,0.242185
172,216,17,0.259643
172,218,17,0.264013
172,228,17,0.215633
172,236,17,0.216597
172,252,17,0.078340
172,284,15,0.200337
172,290,15,0.077990
172,300,13,-0.014720
174,184,39,0.260747
174,202,21,0.095009
174,204,19,0.012352
174,208,17,0.256606
174,210,17,0.213766
174,216,17,0.271629
174,222,19,0.141569
174,252,17,0.105227
174,254,17,0.131114
174,258,17,0.133323
174,262,17,0.191671
174,274,17,0.267074
174,294,17,0.100182
176,182,51,0.372996
176,192,25,0.092396
176,204,23,0.058502
176,212,17,0.171973
176,214,17,0.206721
176,218,17,0.189016
176,222,19,0.165318
176,232,17,0.157537
176,236,17,0.211368
176,246,17,0.095978
176,260,17,0.286399
176,262,17,0.240168
176,266,15,0.314495
176,268,16,0.343381
176,280,17,0.288355
176,294,15,0.007034
176,296,19,-0.065054
176,300,13,-0.045571
178,192,29,0.016262
178,214,17,0.204354
178,248,17,0.129707
178,252,17,0.191439
178,258,17,0.238028
178,270,15,0.437142
178,276,17,0.332640
178,284,15,0.247964
178,296,15,-0.050302
180,182,65,0.225883
180,186,51,0.157034
180,192,31,-0.059300
180,194,29,-0.131339
180,206,23,-0.017403
180,210,19,0.276203
180,214,17,0.184052
180,220,17,0.224714
180,222,19,0.255139
180,236,17,0.277813
180,246,17,0.145341
180,274,15,0.407464
180,278,17,0.338927
180,292,15,0.010420
180,294,15,0.073351
182,190,45,-0.133035
182,204,23,-0.125503
182,210,23,0.234818
182,212,21,0.255095
182,214,21,0.246516
182,228,17,0.114926
182,244,17,0.092993
182,276,15,0.416032
182,282,17,0.196543
182,284,17,0.066842
182,286,17,-0.017481
182,296,15,-0.060967
184,190,47,-0.180255
184,214,21,0.260199
184,218,19,0.311089
184,254,17,0.225541
184,278,15,0.249697
184,290,15,0.002446
184,296,17,-0.030510
186,188,67,-0.161480
186,202,27,-0.131261
186,204,27,-0.063880
186,206,25,-0.071120
186,216,21,0.371354
186,228,17,0.182826
186,230,17,0.201947
186,236,17,0.206472
186,288,17,0.028765
188,194,47,-0.157741
188,198,35,-0.072350
188,210,25,0.171569
188,212,23,0.283393
188,214,23,0.333812
188,218,21,0.282638
188,220,19,0.232419
188,230,17,0.139396
188,256,16,0.314144
188,258,16,0.347015
188,266,16,0.361312
188,270,15,0.356397
188,284,15,0.065480
188,290,17,0.197432
188,296,15,-0.153804
188,300,15,-0.086788
190,198,43,-0.068275
190,208,25,0.151621
190,212,25,0.227114
190,220,21,0.238935
190,236,17,0.230967
190,240,17,0.161195
190,242,17,0.167899
190,244,17,0.201303
190,246,17,0.238193
190,250,16,0.302812
190,252,16,0.308298
190,270,15,0.361225
190,278,15,0.185823
192,204,31,-0.005965
192,206,31,0.285312
192,208,29,0.280067
192,210,27,0.332506
192,214,23,0.312929
192,218,23,0.315832
192,220,21,0.266144
192,232,17,0.199842
192,240,17,0.191039
192,272,15,0.245180
192,274,15,0.238575
192,282,15,0.164033
192,286,15,0.184527
192,288,15,0.156824
192,296,15,-0.070121
194,204,33,0.100701
194,206,31,0.342856
194,210,31,0.316257
194,222,21,0.257119
194,232,17,0.212514
194,250,16,0.277469
194,254,16,0.385895
194,272,15,0.247638
194,278,15,0.132908
194,286,15,0.136397
196,200,49,0.023416
196,208,31,0.428099
196,210,31,0.505385
196,212,29,0.450911
196,214,29,0.439754
196,216,27,0.454570
196,218,27,0.399312
196,220,25,0.388199
196,222,25,0.299547
196,224,21,0.260469
196,228,19,0.172068
196,232,17,0.238432
196,238,16,0.156792
196,244,16,0.164045
196,248,16,0.296936
196,250,16,0.378559
196,252,16,0.431140
196,256,16,0.418835
196,258,16,0.386443
196,260,16,0.413941
196,262,16,0.404312
196,264,16,0.373455
196,268,17,0.162330
196,270,17,0.265506
196,274,15,0.212810
196,276,15,0.214428
196,278,15,0.202560
196,284,15,0.147227
196,290,15,0.115068
196,292,15,0.059836
196,296,15,-0.011752
198,200,61,0.095941
198,204,45,0.450970
198,208,33,0.505844
198,210,31,0.466896
198,212,31,0.495276
198,214,29,0.413591
198,216,27,0.521357
198,218,27,0.460169
198,220,27,0.395138
198,222,23,0.268563
198,224,23,0.166986
198,226,21,0.228739
198,230,19,0.241825
198,232,19,0.221323
198,236,16,0.149588
198,238,16,0.225629
198,242,16,0.156167
198,244,16,0.190171
198,252,16,0.431088
198,258,16,0.358524
198,260,16,0.391778
198,262,16,0.307212
198,264,16,0.332018
198,274,15,0.263632
198,278,15,0.225462
198,280,15,0.256290
198,282,15,0.176496
198,284,15,0.181122
198,286,15,0.160603
198,290,15,0.176340
198,292,15,0.059326
198,294,15,0.040452
198,296,15,0.036922
198,300,15,-0.084551
200,202,65,0.415013
200,204,49,0.401004
200,206,45,0.396378
200,208,39,0.425179
200,210,31,0.549461
200,212,31,0.489456
200,216,29,0.478293
200,218,27,0.475366
200,224,27,0.258733
200,228,21,0.264429
200,230,20,0.281208
200,232,18,0.250616
200,234,18,0.204689
200,236,16,0.188058
200,240,16,0.194633
200,242,16,0.171114
200,246,16,0.309724
200,250,16,0.354601
200,256,16,0.316522
200,258,16,0.348663
200,260,16,0.355270
200,264,16,0.220924
200,266,16,0.166929
200,268,17,0.103750
200,270,17,0.250077
200,274,15,0.290947
200,278,15,0.270914
200,280,15,0.192053
200,284,15,0.147352
200,288,15,0.136058
200,290,15,0.086720
200,292,15,0.054131
200,298,15,-0.015757
200,300,15,-0.043178
202,204,67,0.395608
202,206,51,0.494790
202,210,39,0.492983
202,212,31,0.383459
202,214,31,0.525886
202,216,31,0.615071
202,218,27,0.578945
202,224,29,0.400981
202,228,22,0.200392
202,230,20,0.222697
202,234,18,0.182829
202,236,18,0.138653
202,238,16,0.176859
202,240,16,0.156526
202,242,16,0.274140
202,246,16,0.330349
202,248,16,0.340645
202,252,16,0.273378
202,256,16,0.275892
202,258,16,0.305014
202,260,16,0.221686
202,262,16,0.212240
202,264,16,0.223273
202,270,17,0.274866
202,274,15,0.273356
202,276,15,0.294399
202,282,15,0.140767
202,284,15,0.045854
202,290,15,0.032438
202,292,15,0.083468
202,294,15,0.057810
202,296,15,0.014156
202,298,15,-0.006704
204,206,65,0.429438
204,208,51,0.514737
204,210,45,0.586166
204,212,39,0.534781
204,214,31,0.630370
204,216,31,0.675663
204,218,31,0.598745
204,220,27,0.372360
204,222,26,0.350465
204,224,26,0.282022
204,226,28,0.291219
204,228,26,0.251448
204,230,24,0.241160
204,236,18,0.136817
204,238,16,0.164917
204,240,16,0.198795
204,242,16,0.294304
204,244,16,0.306432
204,246,16,0.276791
204,248,16,0.219635
204,250,16,0.207205
204,252,16,0.177590
204,254,16,0.306863
204,256,16,0.253563
204,260,16,0.205466
204,262,16,0.210468
204,264,16,0.166261
204,266,16,0.178881
204,270,17,0.317940
204,272,17,0.271121
204,274,17,0.287761
204,276,15,0.221766
204,278,15,0.215423
204,280,15,0.138222
204,282,15,0.066233
204,284,15,0.061379
204,286,15,0.077172
204,290,15,0.051747
204,292,15,0.059592
204,296,15,0.028171
204,298,15,-0.015354
204,300,15,-0.083244
206,212,45,0.484936
206,218,30,0.454559
206,220,28,0.466438
206,236,20,0.169080
206,244,18,0.276588
206,248,16,0.153279
206,254,18,0.146586
206,256,16,0.176789
206,262,16,0.195673
206,264,16,0.142823
206,278,15,0.131311
206,284,15,0.078949
206,300,15,-0.156445
208,210,62,0.477143
208,220,30,0.329299
208,228,26,0.341290
208,230,28,0.222194
208,236,22,0.268897
208,244,16,0.221786
208,246,18,0.134433
208,248,18,0.222544
208,250,16,0.197917
208,260,16,0.210155
208,262,16,0.161902
208,290,15,0.107402
210,218,36,0.246370
210,242,22,0.222183
210,248,20,0.188625
210,254,16,0.103996
210,266,16,0.141238
210,276,17,0.235932
210,282,15,0.157872
210,286,15,0.088065
212,220,34,0.174187
212,252,20,0.121534
212,268,17,0.179465
212,270,17,0.291893
212,284,15,0.034249
212,288,15,0.064513
212,300,15,-0.091930
214,220,42,0.197520
214,224,30,0.221622
214,244,22,0.050732
214,250,20,0.158053
214,252,20,0.131691
214,254,20,0.150238
214,266,16,0.231329
214,270,17,0.239072
214,280,17,0.126170
214,286,15,0.117037
214,292,15,-0.103357
216,224,32,0.202874
216,236,26,0.154201
216,240,24,0.092703
216,242,22,0.082354
216,256,20,0.056843
216,262,16,0.138424
216,264,16,0.161730
216,266,16,0.258879
216,270,17,0.220802
216,274,17,0.158052
216,280,17,0.135760
216,290,15,-0.063763
216,292,15,-0.105796
216,294,15,-0.086588
216,300,15,-0.096919
218,236,26,0.214070
218,240,24,0.083320
218,250,22,0.230391
218,252,22,0.076388
218,258,20,0.162269
218,268,17,0.122373
218,270,17,0.143332
218,276,17,0.184715
218,286,15,0.061167
218,290,15,-0.043402
218,292,15,-0.057585
218,294,15,-0.032137
220,226,42,0.149062
220,240,24,-0.010863
220,242,22,0.042783
220,248,22,0.084731
220,264,18,0.154636
220,270,17,0.172920
220,282,17,0.000235
220,288,15,-0.024191
220,294,15,0.000553
220,296,15,-0.007312
220,298,15,-0.050463
222,226,46,0.189613
222,236,26,0.032398
222,244,22,0.040033
222,260,20,0.211623
222,262,20,0.161410
222,266,18,0.122125
222,270,17,0.204105
222,274,17,0.215029
222,288,17,-0.012914
224,238,26,0.028276
224,240,26,0.020353
224,250,22,0.076242
224,254,20,0.178435
224,258,22,0.224568
224,266,20,0.077424
224,270,19,0.240296
224,282,17,0.044331
224,284,17,0.000062
224,288,17,0.031071
224,290,15,0.003695
226,228,56,0.080861
226,300,15,-0.197524
228,230,58,0.185434
228,244,26,0.142737
228,250,22,0.150207
228,264,22,0.165275
228,270,21,0.145587
228,284,17,-0.094563
228,292,17,-0.038303
228,298,15,-0.154104
230,234,52,-0.042347
230,238,36,0.018385
230,242,26,0.173114
230,250,24,0.101871
230,254,24,0.160025
230,256,22,0.130119
230,258,22,0.098939
230,260,20,0.073608
230,268,21,0.070140
230,284,17,-0.116997
232,236,54,0.032283
232,248,26,0.072856
232,252,24,0.190323
232,258,22,0.033960
232,268,23,0.027396
232,284,19,-0.092858
232,286,17,-0.097345
232,288,17,-0.154480
232,300,15,-0.167556
234,236,58,0.089023
234,246,26,0.162257
234,272,23,0.045385
234,274,21,0.057434
234,276,21,-0.013728
234,282,19,-0.091246
236,238,60,0.249288
236,242,42,0.133933
236,244,36,0.185504
236,262,22,0.099310
236,264,20,0.084902
236,280,21,-0.065597
236,282,19,-0.078668
236,286,19,-0.072768
236,288,19,-0.008230
236,294,17,-0.054034
236,298,17,-0.253596
236,300,15,-0.179501
238,242,54,0.254354
238,244,42,0.042251
238,252,26,0.243152
238,262,24,0.191871
238,300,17,-0.270295
240,244,54,0.229498
240,292,19,-0.124544
240,294,19,-0.301919
240,296,17,-0.339871
242,254,28,0.266660
242,258,24,0.191183
242,264,22,0.007959
242,274,19,-0.005710
242,284,21,-0.009978
242,292,19,-0.283333
242,300,17,-0.228502
244,246,64,0.252329
244,248,56,0.171749
244,250,42,0.185578
244,252,38,0.354337
244,254,32,0.263802
244,258,26,0.301617
244,262,26,0.095500
244,270,21,-0.050581
244,272,19,0.014072
244,274,19,0.005321
244,280,21,0.076628
244,284,21,-0.063085
244,288,19,-0.204586
244,296,19,-0.196853
246,248,66,0.179281
246,252,42,0.308325
246,264,26,0.031933
246,284,21,-0.183930
246,286,21,-0.177325
246,292,19,-0.240078
248,250,66,0.219025
248,260,26,0.060734
248,262,26,0.099632
248,266,26,0.046625
248,268,25,-0.035567
248,280,19,-0.081905
248,296,19,-0.202913
248,298,17,-0.158517
250,268,27,0.020762
250,290,21,-0.174885
252,260,40,-0.049755
252,262,36,0.044667
252,264,28,0.038214
252,300,19,-0.204008
254,256,68,-0.049114
254,262,36,0.087416
254,272,23,0.109169
254,274,23,0.020580
254,278,23,-0.036789
254,282,19,-0.155964
254,298,21,-0.228821
256,264,36,-0.172590
256,272,27,-0.078228
256,276,23,0.070299
256,290,21,-0.165387
256,296,21,-0.211211
256,300,21,-0.289852
258,260,72,-0.079589
258,264,44,-0.249099
258,268,33,-0.159524
258,272,27,-0.058515
258,280,23,-0.228475
258,288,19,-0.176926
258,292,19,-0.126810
258,296,21,-0.247312
260,262,74,-0.169166
260,266,48,-0.277537
260,272,29,0.093574
260,274,27,0.020912
260,278,23,-0.138404
260,284,23,-0.163661
260,300,21,-0.389581
262,266,60,-0.294603
262,270,37,0.115658
262,274,29,-0.048187
264,274,33,-0.054663
264,276,27,-0.003851
264,284,23,-0.106714
264,288,23,-0.232643
264,290,21,-0.183469
264,298,19,-0.427682
266,268,71,-0.034768
266,270,59,0.155469
266,274,37,-0.056671
266,284,23,-0.100239
266,290,23,-0.242770
266,296,19,-0.372789
266,298,19,-0.416711
268,272,57,-0.112118
268,274,45,-0.080443
268,280,27,-0.111551
268,288,23,-0.186009
268,292,23,-0.255676
268,298,19,-0.419343
268,300,19,-0.368395
270,272,69,-0.076686
270,274,55,0.046529
270,280,33,0.007420
270,286,25,-0.229025
270,294,23,-0.333297
272,274,71,-0.049410
272,276,51,-0.008259
272,290,23,-0.273497
272,294,23,-0.335616
272,298,23,-0.321605
272,300,23,-0.284998
274,276,69,-0.090197
274,278,51,-0.062377
274,280,45,-0.159978
274,282,37,-0.184817
274,286,29,-0.168658
274,288,25,-0.252158
274,290,25,-0.219404
274,294,23,-0.312183
274,296,23,-0.366366
276,290,25,-0.185121
276,296,23,-0.282333
276,300,25,-0.339126
278,284,45,-0.260021
278,286,37,-0.203812
278,294,25,-0.251149
278,296,23,-0.318241
278,298,23,-0.283433
278,300,23,-0.238685
280,284,51,-0.120994
280,290,31,-0.203468
280,292,29,-0.200300
280,294,25,-0.212455
280,296,25,-0.225508
280,300,23,-0.172241
282,284,65,-0.169984
282,286,53,-0.122536
282,288,43,-0.157383
282,290,37,-0.192829
282,292,31,-0.169900
282,296,27,-0.157760
282,298,27,-0.153150
282,300,23,-0.170062
284,286,65,-0.081568
284,288,53,-0.077328
284,290,41,-0.117551
284,292,37,-0.104913
284,294,31,-0.195884
284,298,27,-0.227358
284,300,27,-0.158205
286,288,64,-0.115669
286,292,41,-0.143392
286,294,39,-0.294902
288,296,41,-0.299023
288,298,31,-0.257430
288,300,28,-0.255224
290,294,46,-0.299131
290,298,41,-0.311701
290,300,32,-0.275028
292,296,45,-0.350588
292,298,41,-0.336739
292,300,40,-0.322627
294,296,59,-0.181064
294,298,47,-0.322431
294,300,40,-0.374968
296,298,58,-0.353282
296,300,50,-0.397510
298,300,56,-0.463335
